1
3
0
3
2
0
2
1
0
3
2
0
6
5
4
7
6
4
1
3
0
3
2
0
2
1
0
3
2
0
6
5
4
7
6
4
8
7
4
11
10
9
12
11
9
15
14
13
16
15
13
19
18
17
20
19
17
1
3
0
3
2
0
2
1
0
3
2
0
4
3
0
7
6
5
8
7
5
9
8
5
10
9
5
13
12
11
14
13
11
17
16
15
18
17
15
21
20
19
22
21
19
23
22
19
24
23
19
25
24
19
28
27
26
29
28
26
30
29
26
33
32
31
34
33
31
37
36
35
38
37
35
41
40
39
42
41
39
43
42
39
44
43
39
47
46
45
48
47
45
51
50
49
52
51
49
55
54
53
56
55
53
57
56
53
58
57
53
61
60
59
62
61
59
63
62
59
64
63
59
67
66
65
68
67
65
69
68
65
70
69
65
71
70
65
74
73
72
75
74
72
78
77
76
79
78
76
80
79
76
83
82
81
84
83
81
87
86
85
88
87
85
1
3
0
3
2
0
2
1
0
3
2
0
4
3
0
5
4
0
8
7
6
9
8
6
12
11
10
13
12
10
16
15
14
17
16
14
20
19
18
21
20
18
22
21
18
25
24
23
26
25
23
1
3
0
3
2
0
2
1
0
3
2
0
6
5
4
7
6
4
1
3
0
3
2
0
2
1
0
3
2
0
4
3
0
7
6
5
8
7
5
9
8
5
10
9
5
11
10
5
12
11
5
15
14
13
16
15
13
19
18
17
20
19
17
23
22
21
24
23
21
27
26
25
28
27
25
1
3
0
3
2
0
2
1
0
3
2
0
6
5
4
7
6
4
8
7
4
11
10
9
12
11
9
15
14
13
16
15
13
19
18
17
20
19
17
21
20
17
24
23
22
25
24
22
28
27
26
29
28
26
30
29
26
31
30
26
34
33
32
35
34
32
38
37
36
39
38
36
40
39
36
41
40
36
42
41
36
45
44
43
48
47
46
49
48
46
50
49
46
53
52
51
54
53
51
55
54
51
58
57
56
59
58
56
60
59
56
63
62
61
64
63
61
65
64
61
66
65
61
67
66
61
70
69
68
71
70
68
74
73
72
75
74
72
76
75
72
79
78
77
80
79
77
81
80
77
82
81
77
85
84
83
86
85
83
89
88
87
90
89
87
93
92
91
94
93
91
97
96
95
98
97
95
99
98
95
102
101
100
103
102
100
106
105
104
107
106
104
1
3
0
3
2
0
0
1
2
0
2
3
4
5
6
4
6
7
8
9
10
8
10
11
1
3
0
3
2
0
2
1
0
3
2
0
6
5
4
7
6
4
10
9
8
11
10
8
12
11
8
13
12
8
16
15
14
17
16
14
20
19
18
21
20
18
24
23
22
25
24
22
26
25
22
27
26
22
30
29
28
31
30
28
32
31
28
33
32
28
36
35
34
37
36
34
40
39
38
41
40
38
44
43
42
45
44
42
46
45
42
49
48
47
50
49
47
53
52
51
54
53
51
55
54
51
56
55
51
57
56
51
58
57
51
61
60
59
62
61
59
65
64
63
66
65
63
67
66
63
68
67
63
71
70
69
72
71
69
73
72
69
74
73
69
77
76
75
78
77
75
79
78
75
82
81
80
83
82
80
86
85
84
87
86
84
90
89
88
91
90
88
92
91
88
95
94
93
96
95
93
99
98
97
100
99
97
103
102
101
104
103
101
107
106
105
108
107
105
111
110
109
112
111
109
115
114
113
116
115
113
117
116
113
120
119
118
121
120
118
124
123
122
125
124
122
128
127
126
129
128
126
132
131
130
133
132
130
136
135
134
137
136
134
140
139
138
141
140
138
144
143
142
145
144
142
148
147
146
149
148
146
152
151
150
153
152
150
156
155
154
157
156
154
158
157
154
161
160
159
162
161
159
165
164
163
166
165
163
167
166
163
170
169
168
171
170
168
174
173
172
175
174
172
176
175
172
177
176
172
178
177
172
179
178
172
180
179
172
181
180
172
184
183
182
185
184
182
186
185
182
189
188
187
190
189
187
193
192
191
194
193
191
197
196
195
198
197
195
199
198
195
202
201
200
203
202
200
206
205
204
207
206
204
210
209
208
211
210
208
214
213
212
215
214
212
218
217
216
219
218
216
222
221
220
223
222
220
226
225
224
227
226
224
228
227
224
229
228
224
232
231
230
235
234
233
236
235
233
237
236
233
238
237
233
241
240
239
242
241
239
245
244
243
246
245
243
1
3
0
3
2
0
2
1
0
3
2
0
6
5
4
7
6
4
8
7
4
11
10
9
12
11
9
15
14
13
16
15
13
17
16
13
20
19
18
21
20
18
22
21
18
25
24
23
26
25
23
27
26
23
30
29
28
31
30
28
34
33
32
35
34
32
36
35
32
37
36
32
40
39
38
41
40
38
42
41
38
45
44
43
46
45
43
47
46
43
48
47
43
51
50
49
52
51
49
55
54
53
56
55
53
59
58
57
60
59
57
63
62
61
64
63
61
65
64
61
68
67
66
1
3
0
3
2
0
0
1
2
0
2
3
4
5
6
4
6
7
4
7
8
9
10
11
9
11
12
9
12
13
9
13
14
15
16
17
18
19
20
18
20
21
18
21
22
1
3
0
3
2
0
2
1
0
3
2
0
4
3
0
7
6
5
8
7
5
9
8
5
12
11
10
13
12
10
14
13
10
17
16
15
18
17
15
21
20
19
22
21
19
25
24
23
26
25
23
27
26
23
28
27
23
29
28
23
30
29
23
31
30
23
34
33
32
35
34
32
38
37
36
39
38
36
42
41
40
43
42
40
46
45
44
47
46
44
48
47
44
49
48
44
52
51
50
53
52
50
56
55
54
57
56
54
60
59
58
61
60
58
62
61
58
63
62
58
66
65
64
67
66
64
70
69
68
71
70
68
72
71
68
73
72
68
74
73
68
77
76
75
78
77
75
79
78
75
82
81
80
83
82
80
84
83
80
87
86
85
88
87
85
89
88
85
92
91
90
95
94
93
96
95
93
97
96
93
98
97
93
99
98
93
102
101
100
103
102
100
106
105
104
107
106
104
110
109
108
111
110
108
114
113
112
115
114
112
118
117
116
119
118
116
122
121
120
123
122
120
126
125
124
127
126
124
130
129
128
131
130
128
132
131
128
135
134
133
136
135
133
137
136
133
140
139
138
141
140
138
142
141
138
145
144
143
146
145
143
149
148
147
150
149
147
151
150
147
152
151
147
155
154
153
156
155
153
159
158
157
160
159
157
163
162
161
164
163
161
165
164
161
168
167
166
169
168
166
170
169
166
173
172
171
174
173
171
177
176
175
178
177
175
181
180
179
182
181
179
185
184
183
186
185
183
189
188
187
190
189
187
193
192
191
194
193
191
197
196
195
198
197
195
201
200
199
202
201
199
203
202
199
206
205
204
207
206
204
210
209
208
211
210
208
214
213
212
215
214
212
218
217
216
219
218
216
222
221
220
223
222
220
226
225
224
227
226
224
230
229
228
231
230
228
232
231
228
233
232
228
236
235
234
237
236
234
240
239
238
241
240
238
242
241
238
245
244
243
246
245
243
249
248
247
250
249
247
253
252
251
254
253
251
257
256
255
258
257
255
261
260
259
262
261
259
265
264
263
266
265
263
267
266
263
270
269
268
271
270
268
274
273
272
275
274
272
278
277
276
279
278
276
282
281
280
283
282
280
286
285
284
287
286
284
290
289
288
291
290
288
294
293
292
295
294
292
296
295
292
299
298
297
300
299
297
303
302
301
304
303
301
307
306
305
308
307
305
311
310
309
312
311
309
315
314
313
316
315
313
317
316
313
320
319
318
321
320
318
324
323
322
325
324
322
328
327
326
329
328
326
332
331
330
333
332
330
334
333
330
335
334
330
336
335
330
337
336
330
338
337
330
341
340
339
342
341
339
343
342
339
344
343
339
347
346
345
348
347
345
351
350
349
352
351
349
353
352
349
354
353
349
357
356
355
360
359
358
361
360
358
364
363
362
365
364
362
366
365
362
369
368
367
370
369
367
371
370
367
372
371
367
373
372
367
374
373
367
377
376
375
378
377
375
379
378
375
382
381
380
383
382
380
384
383
380
387
386
385
388
387
385
391
390
389
392
391
389
393
392
389
396
395
394
397
396
394
398
397
394
401
400
399
402
401
399
405
404
403
406
405
403
407
406
403
410
409
408
411
410
408
412
411
408
415
414
413
416
415
413
419
418
417
420
419
417
1
3
0
3
2
0
2
1
0
3
2
0
1
3
0
3
2
0
0
1
2
0
2
3
4
5
6
4
6
7
1
3
0
3
2
0
2
1
0
3
2
0
4
3
0
7
6
5
8
7
5
9
8
5
12
11
10
13
12
10
14
13
10
15
14
10
18
17
16
21
20
19
22
21
19
23
22
19
24
23
19
25
24
19
28
27
26
29
28
26
32
31
30
33
32
30
34
33
30
37
36
35
38
37
35
39
38
35
42
41
40
43
42
40
46
45
44
47
46
44
50
49
48
1
3
0
3
2
0
0
1
2
0
2
3
0
3
4
5
6
7
5
7
8
9
10
11
9
11
12
1
3
0
3
2
0
0
1
2
0
2
3
1
3
0
3
2
0
2
1
0
3
2
0
4
3
0
5
4
0
6
5
0
7
6
0
10
9
8
11
10
8
12
11
8
15
14
13
16
15
13
19
18
17
20
19
17
21
20
17
24
23
22
25
24
22
26
25
22
29
28
27
30
29
27
33
32
31
34
33
31
37
36
35
38
37
35
1
3
0
3
2
0
2
1
0
3
2
0
6
5
4
7
6
4
10
9
8
11
10
8
12
11
8
13
12
8
14
13
8
17
16
15
18
17
15
21
20
19
22
21
19
23
22
19
26
25
24
27
26
24
28
27
24
31
30
29
32
31
29
35
34
33
36
35
33
39
38
37
40
39
37
43
42
41
44
43
41
45
44
41
1
3
0
3
2
0
2
1
0
3
2
0
4
3
0
7
6
5
8
7
5
11
10
9
12
11
9
13
12
9
16
15
14
17
16
14
18
17
14
19
18
14
20
19
14
23
22
21
24
23
21
25
24
21
28
27
26
29
28
26
32
31
30
33
32
30
34
33
30
35
34
30
36
35
30
39
38
37
40
39
37
41
40
37
42
41
37
45
44
43
46
45
43
49
48
47
50
49
47
53
52
51
54
53
51
55
54
51
58
57
56
61
60
59
62
61
59
63
62
59
64
63
59
67
66
65
70
69
68
71
70
68
72
71
68
75
74
73
76
75
73
77
76
73
80
79
78
81
80
78
84
83
82
85
84
82
86
85
82
89
88
87
90
89
87
93
92
91
94
93
91
95
94
91
98
97
96
99
98
96
102
101
100
103
102
100
104
103
100
105
104
100
106
105
100
109
108
107
110
109
107
111
110
107
114
113
112
115
114
112
116
115
112
119
118
117
120
119
117
121
120
117
124
123
122
125
124
122
128
127
126
129
128
126
132
131
130
133
132
130
134
133
130
135
134
130
138
137
136
139
138
136
140
139
136
143
142
141
144
143
141
147
146
145
148
147
145
149
148
145
152
151
150
155
154
153
156
155
153
159
158
157
160
159
157
161
160
157
164
163
162
165
164
162
166
165
162
169
168
167
170
169
167
173
172
171
174
173
171
177
176
175
178
177
175
179
178
175
180
179
175
181
180
175
184
183
182
185
184
182
188
187
186
189
188
186
192
191
190
193
192
190
196
195
194
197
196
194
1
3
0
3
2
0
2
1
0
3
2
0
6
5
4
7
6
4
8
7
4
11
10
9
12
11
9
15
14
13
16
15
13
19
18
17
20
19
17
21
20
17
24
23
22
25
24
22
26
25
22
29
28
27
30
29
27
33
32
31
34
33
31
37
36
35
38
37
35
41
40
39
42
41
39
45
44
43
46
45
43
47
46
43
1
3
0
3
2
0
2
1
0
3
2
0
6
5
4
7
6
4
10
9
8
11
10
8
14
13
12
15
14
12
16
15
12
19
18
17
20
19
17
21
20
17
22
21
17
25
24
23
26
25
23
29
28
27
30
29
27
33
32
31
34
33
31
37
36
35
38
37
35
1
3
0
3
2
0
2
1
0
3
2
0
6
5
4
7
6
4
8
7
4
9
8
4
10
9
4
13
12
11
14
13
11
17
16
15
18
17
15
21
20
19
22
21
19
23
22
19
26
25
24
27
26
24
30
29
28
31
30
28
32
31
28
33
32
28
34
33
28
35
34
28
36
35
28
39
38
37
40
39
37
41
40
37
44
43
42
45
44
42
48
47
46
49
48
46
52
51
50
53
52
50
54
53
50
57
56
55
58
57
55
61
60
59
62
61
59
63
62
59
66
65
64
67
66
64
70
69
68
71
70
68
74
73
72
75
74
72
78
77
76
79
78
76
80
79
76
83
82
81
84
83
81
87
86
85
88
87
85
91
90
89
92
91
89
95
94
93
96
95
93
97
96
93
100
99
98
101
100
98
104
103
102
105
104
102
108
107
106
109
108
106
112
111
110
113
112
110
116
115
114
117
116
114
120
119
118
121
120
118
122
121
118
125
124
123
126
125
123
129
128
127
130
129
127
131
130
127
132
131
127
133
132
127
136
135
134
137
136
134
140
139
138
141
140
138
142
141
138
143
142
138
146
145
144
147
146
144
150
149
148
151
150
148
152
151
148
153
152
148
154
153
148
155
154
148
156
155
148
157
156
148
158
157
148
161
160
159
162
161
159
165
164
163
166
165
163
169
168
167
170
169
167
173
172
171
174
173
171
177
176
175
178
177
175
181
180
179
182
181
179
185
184
183
186
185
183
189
188
187
190
189
187
193
192
191
194
193
191
197
196
195
198
197
195
201
200
199
202
201
199
205
204
203
206
205
203
209
208
207
210
209
207
213
212
211
214
213
211
215
214
211
218
217
216
219
218
216
222
221
220
223
222
220
224
223
220
227
226
225
228
227
225
229
228
225
232
231
230
233
232
230
234
233
230
237
236
235
238
237
235
241
240
239
242
241
239
245
244
243
246
245
243
247
246
243
248
247
243
249
248
243
252
251
250
253
252
250
256
255
254
257
256
254
258
257
254
261
260
259
262
261
259
263
262
259
266
265
264
267
266
264
268
267
264
269
268
264
272
271
270
273
272
270
274
273
270
275
274
270
1
3
0
3
2
0
2
1
0
3
2
0
4
3
0
1
3
0
3
2
0
2
1
0
3
2
0
4
3
0
5
4
0
8
7
6
9
8
6
12
11
10
13
12
10
16
15
14
17
16
14
20
19
18
21
20
18
24
23
22
25
24
22
26
25
22
27
26
22
30
29
28
31
30
28
34
33
32
35
34
32
38
37
36
39
38
36
42
41
40
43
42
40
44
43
40
47
46
45
48
47
45
51
50
49
52
51
49
55
54
53
56
55
53
59
58
57
60
59
57
63
62
61
64
63
61
65
64
61
68
67
66
69
68
66
72
71
70
73
72
70
74
73
70
77
76
75
78
77
75
81
80
79
82
81
79
83
82
79
86
85
84
87
86
84
90
89
88
91
90
88
94
93
92
95
94
92
98
97
96
99
98
96
102
101
100
103
102
100
106
105
104
107
106
104
110
109
108
111
110
108
112
111
108
115
114
113
116
115
113
119
118
117
120
119
117
123
122
121
124
123
121
125
124
121
128
127
126
129
128
126
132
131
130
133
132
130
134
133
130
137
136
135
138
137
135
139
138
135
142
141
140
143
142
140
144
143
140
147
146
145
148
147
145
151
150
149
152
151
149
155
154
153
156
155
153
159
158
157
160
159
157
163
162
161
164
163
161
167
166
165
168
167
165
171
170
169
172
171
169
175
174
173
176
175
173
177
176
173
180
179
178
181
180
178
184
183
182
185
184
182
188
187
186
189
188
186
192
191
190
193
192
190
196
195
194
197
196
194
198
197
194
201
200
199
202
201
199
205
204
203
206
205
203
209
208
207
210
209
207
213
212
211
214
213
211
217
216
215
218
217
215
219
218
215
222
221
220
223
222
220
226
225
224
227
226
224
228
227
224
231
230
229
232
231
229
235
234
233
236
235
233
239
238
237
240
239
237
243
242
241
244
243
241
245
244
241
246
245
241
249
248
247
250
249
247
253
252
251
254
253
251
255
254
251
256
255
251
259
258
257
260
259
257
263
262
261
264
263
261
267
266
265
268
267
265
271
270
269
272
271
269
275
274
273
276
275
273
279
278
277
280
279
277
283
282
281
284
283
281
287
286
285
288
287
285
291
290
289
292
291
289
295
294
293
296
295
293
299
298
297
300
299
297
303
302
301
304
303
301
305
304
301
308
307
306
309
308
306
310
309
306
313
312
311
314
313
311
317
316
315
318
317
315
321
320
319
322
321
319
323
322
319
326
325
324
327
326
324
328
327
324
331
330
329
332
331
329
333
332
329
336
335
334
337
336
334
338
337
334
339
338
334
342
341
340
343
342
340
346
345
344
347
346
344
350
349
348
351
350
348
354
353
352
355
354
352
358
357
356
359
358
356
360
359
356
361
360
356
364
363
362
367
366
365
368
367
365
369
368
365
370
369
365
371
370
365
374
373
372
375
374
372
378
377
376
379
378
376
382
381
380
383
382
380
386
385
384
387
386
384
390
389
388
391
390
388
394
393
392
395
394
392
398
397
396
399
398
396
402
401
400
403
402
400
404
403
400
405
404
400
408
407
406
409
408
406
412
411
410
413
412
410
1
3
0
3
2
0
2
1
0
3
2
0
6
5
4
7
6
4
10
9
8
11
10
8
14
13
12
15
14
12
18
17
16
19
18
16
20
19
16
21
20
16
24
23
22
25
24
22
26
25
22
27
26
22
28
27
22
31
30
29
32
31
29
33
32
29
36
35
34
39
38
37
40
39
37
41
40
37
42
41
37
43
42
37
46
45
44
47
46
44
48
47
44
49
48
44
52
51
50
53
52
50
54
53
50
57
56
55
58
57
55
61
60
59
62
61
59
63
62
59
64
63
59
65
64
59
68
67
66
69
68
66
72
71
70
73
72
70
74
73
70
77
76
75
78
77
75
79
78
75
80
79
75
83
82
81
84
83
81
85
84
81
86
85
81
87
86
81
88
87
81
89
88
81
92
91
90
93
92
90
94
93
90
95
94
90
96
95
90
97
96
90
98
97
90
99
98
90
102
101
100
105
104
103
106
105
103
107
106
103
110
109
108
111
110
108
112
111
108
113
112
108
116
115
114
117
116
114
120
119
118
121
120
118
124
123
122
125
124
122
128
127
126
129
128
126
132
131
130
133
132
130
136
135
134
137
136
134
138
137
134
141
140
139
142
141
139
145
144
143
146
145
143
149
148
147
150
149
147
151
150
147
154
153
152
155
154
152
158
157
156
159
158
156
162
161
160
163
162
160
166
165
164
167
166
164
170
169
168
171
170
168
174
173
172
175
174
172
178
177
176
179
178
176
180
179
176
183
182
181
184
183
181
185
184
181
188
187
186
189
188
186
192
191
190
193
192
190
196
195
194
197
196
194
200
199
198
201
200
198
202
201
198
205
204
203
206
205
203
209
208
207
210
209
207
213
212
211
214
213
211
215
214
211
216
215
211
219
218
217
220
219
217
223
222
221
224
223
221
225
224
221
226
225
221
229
228
227
230
229
227
231
230
227
234
233
232
235
234
232
238
237
236
239
238
236
242
241
240
245
244
243
248
247
246
249
248
246
250
249
246
253
252
251
254
253
251
257
256
255
258
257
255
261
260
259
262
261
259
263
262
259
266
265
264
267
266
264
1
3
0
3
2
0
2
1
0
3
2
0
6
5
4
7
6
4
8
7
4
11
10
9
12
11
9
15
14
13
16
15
13
17
16
13
18
17
13
19
18
13
22
21
20
23
22
20
26
25
24
27
26
24
30
29
28
31
30
28
32
31
28
33
32
28
36
35
34
37
36
34
38
37
34
41
40
39
42
41
39
43
42
39
44
43
39
45
44
39
48
47
46
51
50
49
52
51
49
53
52
49
54
53
49
57
56
55
58
57
55
61
60
59
62
61
59
63
62
59
64
63
59
67
66
65
70
69
68
71
70
68
74
73
72
75
74
72
78
77
76
79
78
76
80
79
76
81
80
76
84
83
82
85
84
82
88
87
86
89
88
86
92
91
90
93
92
90
96
95
94
97
96
94
100
99
98
101
100
98
102
101
98
105
104
103
106
105
103
107
106
103
108
107
103
111
110
109
112
111
109
115
114
113
116
115
113
117
116
113
1
3
0
3
2
0
2
1
0
3
2
0
4
3
0
5
4
0
8
7
6
9
8
6
12
11
10
13
12
10
16
15
14
17
16
14
20
19
18
21
20
18
22
21
18
25
24
23
26
25
23
29
28
27
30
29
27
33
32
31
34
33
31
37
36
35
38
37
35
41
40
39
42
41
39
45
44
43
46
45
43
49
48
47
50
49
47
1
3
0
3
2
0
2
1
0
3
2
0
6
5
4
7
6
4
10
9
8
11
10
8
14
13
12
15
14
12
16
15
12
19
18
17
20
19
17
21
20
17
24
23
22
25
24
22
26
25
22
29
28
27
30
29
27
33
32
31
34
33
31
35
34
31
38
37
36
39
38
36
40
39
36
43
42
41
44
43
41
45
44
41
48
47
46
49
48
46
50
49
46
53
52
51
54
53
51
55
54
51
56
55
51
57
56
51
60
59
58
61
60
58
62
61
58
65
64
63
66
65
63
69
68
67
70
69
67
73
72
71
74
73
71
75
74
71
78
77
76
79
78
76
80
79
76
83
82
81
84
83
81
87
86
85
88
87
85
91
90
89
92
91
89
95
94
93
96
95
93
99
98
97
100
99
97
103
102
101
104
103
101
105
104
101
108
107
106
109
108
106
112
111
110
115
114
113
116
115
113
117
116
113
1
3
0
3
2
0
2
1
0
3
2
0
4
3
0
7
6
5
8
7
5
9
8
5
12
11
10
13
12
10
14
13
10
15
14
10
16
15
10
19
18
17
22
21
20
23
22
20
24
23
20
27
26
25
28
27
25
31
30
29
32
31
29
35
34
33
36
35
33
1
3
0
3
2
0
2
1
0
3
2
0
4
3
0
7
6
5
8
7
5
11
10
9
12
11
9
13
12
9
14
13
9
17
16
15
18
17
15
19
18
15
20
19
15
21
20
15
24
23
22
25
24
22
28
27
26
29
28
26
32
31
30
33
32
30
34
33
30
35
34
30
36
35
30
37
36
30
40
39
38
41
40
38
44
43
42
45
44
42
46
45
42
49
48
47
50
49
47
51
50
47
54
53
52
55
54
52
58
57
56
59
58
56
60
59
56
61
60
56
64
63
62
65
64
62
68
67
66
69
68
66
72
71
70
73
72
70
74
73
70
75
74
70
78
77
76
79
78
76
80
79
76
81
80
76
82
81
76
85
84
83
86
85
83
89
88
87
90
89
87
91
90
87
92
91
87
95
94
93
98
97
96
99
98
96
100
99
96
103
102
101
104
103
101
105
104
101
1
3
0
3
2
0
2
1
0
3
2
0
6
5
4
7
6
4
8
7
4
11
10
9
12
11
9
13
12
9
14
13
9
15
14
9
18
17
16
21
20
19
22
21
19
25
24
23
26
25
23
27
26
23
28
27
23
31
30
29
32
31
29
33
32
29
34
33
29
37
36
35
38
37
35
41
40
39
42
41
39
43
42
39
44
43
39
47
46
45
48
47
45
49
48
45
52
51
50
53
52
50
54
53
50
57
56
55
58
57
55
59
58
55
60
59
55
61
60
55
62
61
55
63
62
55
66
65
64
67
66
64
70
69
68
71
70
68
72
71
68
75
74
73
76
75
73
77
76
73
78
77
73
81
80
79
84
83
82
85
84
82
86
85
82
89
88
87
90
89
87
93
92
91
94
93
91
97
96
95
98
97
95
99
98
95
100
99
95
103
102
101
104
103
101
107
106
105
108
107
105
109
108
105
110
109
105
113
112
111
114
113
111
1
3
0
3
2
0
2
1
0
3
2
0
6
5
4
7
6
4
10
9
8
11
10
8
14
13
12
15
14
12
18
17
16
19
18
16
20
19
16
23
22
21
24
23
21
25
24
21
26
25
21
29
28
27
32
31
30
33
32
30
34
33
30
35
34
30
36
35
30
39
38
37
40
39
37
1
3
0
3
2
0
2
1
0
3
2
0
6
5
4
7
6
4
10
9
8
11
10
8
14
13
12
15
14
12
18
17
16
19
18
16
20
19
16
23
22
21
24
23
21
27
26
25
28
27
25
1
3
0
3
2
0
2
1
0
3
2
0
6
5
4
7
6
4
10
9
8
11
10
8
12
11
8
13
12
8
16
15
14
17
16
14
18
17
14
21
20
19
22
21
19
23
22
19
24
23
19
27
26
25
28
27
25
29
28
25
30
29
25
31
30
25
32
31
25
35
34
33
36
35
33
37
36
33
38
37
33
39
38
33
40
39
33
43
42
41
46
45
44
47
46
44
48
47
44
49
48
44
52
51
50
53
52
50
56
55
54
57
56
54
58
57
54
59
58
54
60
59
54
61
60
54
64
63
62
65
64
62
66
65
62
69
68
67
70
69
67
73
72
71
74
73
71
75
74
71
78
77
76
79
78
76
80
79
76
81
80
76
82
81
76
85
84
83
86
85
83
87
86
83
90
89
88
93
92
91
94
93
91
95
94
91
96
95
91
97
96
91
1
3
0
3
2
0
2
1
0
3
2
0
1
3
0
3
2
0
2
1
0
3
2
0
1
3
0
3
2
0
2
1
0
3
2
0
1
3
0
3
2
0
2
1
0
3
2
0
6
5
4
7
6
4
1
3
0
3
2
0
2
1
0
3
2
0
4
3
0
5
4
0
8
7
6
11
10
9
12
11
9
13
12
9
1
3
0
3
2
0
2
1
0
3
2
0
4
3
0
7
6
5
8
7
5
9
8
5
12
11
10
13
12
10
14
13
10
15
14
10
1
3
0
3
2
0
2
1
0
3
2
0
