-2.40801, -1.44664, 0.721047
-2.40801, -0.619112, 0.721047
-1.1787, -1.44664, 0.721047
-1.1787, -0.619112, 0.721047
-2.26732, -1.02359, 0.721052
-2.24764, -1.02371, 0.721052
-1.82656, -1.02631, 0.721051
-1.2799, -1.02969, 0.721051
-1.1988, -1.03019, 0.721051
-1.19852, -0.971751, 0.721051
-2.20735, -0.96401, 0.721052
-1.82656, -1.02631, 0.721051
-2.24764, -1.02371, 0.721052
-2.24965, -1.44664, 0.72105
3.1542, 0.903074, -1.59872
3.1542, 1.00387, -1.59872
3.18204, 0.903074, -1.59872
3.18204, 1.00387, -1.59872
3.18181, 1.00386, -1.59872
3.182, 0.903137, -1.59872
3.15462, 0.903075, -1.59872
3.1542, 1.0038, -1.59872
1.06366, -1.07147, -1.70852
1.06366, 1.34857, -1.70852
2.74638, -1.07147, -1.70852
2.74638, 1.34857, -1.70852
1.37603, 1.34856, -1.70888
2.69726, 1.34856, -1.70899
2.73958, 1.04045, -1.70896
2.74638, 0.977856, -1.70896
2.74637, -0.0217947, -1.70884
1.06367, 1.34856, -1.70885
1.37603, 1.34856, -1.70888
2.74637, -0.0217947, -1.70884
2.74637, -0.181797, -1.70882
1.66636, -0.181804, -1.70873
1.19123, 0.293333, -1.70874
2.74638, -1.07146, -1.70871
2.556, -1.07146, -1.7087
1.66636, -0.181804, -1.70873
2.74637, -0.181797, -1.70882
2.74638, -0.891702, -1.70874
-0.267214, 0.800671, 0.404792
-0.267214, 1.28176, 0.404792
-0.225839, 0.800671, 0.404792
-0.225839, 1.28176, 0.404792
-0.225839, 1.28164, 0.404792
-0.265839, 1.28173, 0.404792
-0.267214, 0.80079, 0.404792
-0.227214, 0.800675, 0.404792
-1.59749, 1.10332, -1.29335
-1.59749, 1.60439, -1.29335
-1.21386, 1.10332, -1.29335
-1.21386, 1.60439, -1.29335
-1.24593, 1.60421, -1.29335
-1.21635, 1.60439, -1.29335
-1.21386, 1.10521, -1.29335
-1.59476, 1.10332, -1.29335
-1.59571, 1.24536, -1.29335
-1.62075, -1.29334, 0.476149
-1.62075, -0.698049, 0.476149
-1.55959, -1.29334, 0.476149
-1.55959, -0.698049, 0.476149
-1.62075, -0.698049, 0.476149
-1.55959, -0.698049, 0.476149
-1.55959, -1.29444, 0.476149
-1.60434, -1.28758, 0.476149
4.11242, 0.593382, -1.59413
4.11242, 1.42703, -1.59413
4.16612, 0.593382, -1.59413
4.16612, 1.42703, -1.59413
4.159, 0.593382, -1.59413
4.15446, 1.42665, -1.59413
4.11954, 1.42703, -1.59413
4.11242, 0.593887, -1.59413
-1.84065, -1.08914, 1.27503
-1.84065, -1.02611, 1.27503
-1.75955, -1.08914, 1.27503
-1.75955, -1.02611, 1.27503
-1.8404, -1.08914, 1.27503
-1.75965, -1.08913, 1.27503
-1.75959, -1.04876, 1.27503
-1.84056, -1.04863, 1.27503
-1.84065, -1.02702, 1.27503
-1.84056, -1.04863, 1.27503
-1.75959, -1.04876, 1.27503
-1.75955, -1.02611, 1.27503
-1.26593, -1.0477, 0.12587
-1.26593, -1.01406, 0.12587
-1.20926, -1.0477, 0.12587
-1.20926, -1.01406, 0.12587
-1.26593, -1.01406, 0.12587
-1.26593, -1.04663, 0.12587
-1.20926, -1.04821, 0.12587
-1.20926, -1.01406, 0.12587
0.953699, -7.60288, -0.229027
0.953699, 6.07252, -0.229027
4.13387, -7.60288, -0.229027
4.13387, 6.07252, -0.229027
1.75074, -5.1302, -0.229029
4.01991, -5.11898, -0.229029
4.10066, -5.11858, -0.22903
4.11218, -7.56128, -0.229035
1.7623, -7.5729, -0.229035
1.7623, -7.5729, -0.229035
1.69221, -7.57325, -0.229035
1.68068, -5.13055, -0.229029
1.75074, -5.1302, -0.229029
4.01991, -5.11898, -0.229029
1.75074, -5.1302, -0.229029
1.68068, -5.13055, -0.229029
1.67914, -4.80422, -0.229029
1.74919, -4.80473, -0.229029
3.05098, -4.81424, -0.229029
3.17116, -4.81512, -0.229029
4.01802, -4.82131, -0.229029
4.01258, -3.96448, -0.229027
4.01802, -4.82131, -0.229029
3.17116, -4.81512, -0.229029
3.05038, -4.69513, -0.229029
3.04957, -4.53409, -0.229028
3.04184, -3.00624, -0.229025
3.04184, -3.00624, -0.229025
3.0402, -2.68107, -0.229024
3.17313, -2.68042, -0.229024
4.00441, -2.6763, -0.229024
4.01258, -3.96448, -0.229027
2.9574, -2.30497, -0.229023
3.1974, -2.30359, -0.229023
4.00201, -2.29898, -0.229023
4.00441, -2.6763, -0.229024
3.17313, -2.68042, -0.229024
2.87778, -2.38601, -0.229023
1.7374, -2.31197, -0.229023
2.7974, -2.30589, -0.229023
2.87778, -2.38601, -0.229023
3.17313, -2.68042, -0.229024
3.0402, -2.68107, -0.229024
2.92016, -2.68167, -0.229024
2.71408, -2.68269, -0.229024
1.73917, -2.68751, -0.229024
1.73917, -2.68751, -0.229024
1.66915, -2.68786, -0.229024
1.66743, -2.32247, -0.229023
1.66738, -2.31237, -0.229023
1.7374, -2.31197, -0.229023
1.66743, -2.32247, -0.229023
1.66915, -2.68786, -0.229024
1.3067, -2.68965, -0.229024
1.6393, -2.3511, -0.229023
1.6393, -2.3511, -0.229023
1.3067, -2.68965, -0.229024
1.24925, -2.68993, -0.229024
1.24783, -2.35274, -0.229023
1.24783, -2.35274, -0.229023
1.24925, -2.68993, -0.229024
1.17231, -2.69031, -0.229024
1.17043, -2.69032, -0.229024
1.17121, -2.55162, -0.229024
1.17234, -2.35306, -0.229023
1.06522, -1.79408, -0.229022
1.16522, -1.79267, -0.229022
1.17121, -2.55162, -0.229024
1.17043, -2.69032, -0.229024
1.07231, -2.69081, -0.229024
1.06521, -1.79283, -0.229022
1.16521, -1.79197, -0.229022
1.16522, -1.79267, -0.229022
1.06522, -1.79408, -0.229022
1.18899, -4.80064, -0.229029
1.15849, -4.80041, -0.229029
1.17043, -2.69032, -0.229024
1.17231, -2.69031, -0.229024
1.15849, -4.80041, -0.229029
1.18899, -4.80064, -0.229029
1.25816, -4.80114, -0.229029
1.67914, -4.80422, -0.229029
1.68068, -5.13055, -0.229029
1.19161, -5.13297, -0.229029
1.15661, -5.13314, -0.229029
1.21092, -7.57563, -0.229035
1.14278, -7.57596, -0.229035
1.15661, -5.13314, -0.229029
1.19161, -5.13297, -0.229029
1.19161, -5.13297, -0.229029
1.68068, -5.13055, -0.229029
1.69221, -7.57325, -0.229035
1.21092, -7.57563, -0.229035
1.24925, -2.68993, -0.229024
1.3067, -2.68965, -0.229024
1.66915, -2.68786, -0.229024
1.67914, -4.80422, -0.229029
1.25816, -4.80114, -0.229029
1.74919, -4.80473, -0.229029
1.67914, -4.80422, -0.229029
1.66915, -2.68786, -0.229024
1.73917, -2.68751, -0.229024
1.74253, -3.39577, -0.229026
1.7431, -3.51651, -0.229026
1.74461, -3.83692, -0.229027
1.74796, -4.54406, -0.229028
2.88952, -4.53531, -0.229028
2.92973, -4.57527, -0.229028
3.05038, -4.69513, -0.229029
3.05098, -4.81424, -0.229029
1.74919, -4.80473, -0.229029
1.74796, -4.54406, -0.229028
2.76948, -4.53623, -0.229028
2.05946, -3.71065, -0.229026
2.88952, -4.53531, -0.229028
2.76948, -4.53623, -0.229028
1.97329, -3.74521, -0.229026
1.97329, -3.74521, -0.229026
1.7431, -3.51651, -0.229026
1.74253, -3.39577, -0.229026
2.05946, -3.71065, -0.229026
2.05946, -3.71065, -0.229026
1.74253, -3.39577, -0.229026
1.73917, -2.68751, -0.229024
2.71408, -2.68269, -0.229024
2.9212, -2.88715, -0.229024
2.92361, -3.36408, -0.229026
3.04184, -3.00624, -0.229025
3.04957, -4.53409, -0.229028
2.92953, -4.535, -0.229028
2.92361, -3.36408, -0.229026
2.9212, -2.88715, -0.229024
2.9212, -2.88715, -0.229024
2.92016, -2.68167, -0.229024
3.0402, -2.68107, -0.229024
3.04184, -3.00624, -0.229025
2.71408, -2.68269, -0.229024
2.92016, -2.68167, -0.229024
2.9212, -2.88715, -0.229024
3.04957, -4.53409, -0.229028
3.05038, -4.69513, -0.229029
2.92973, -4.57527, -0.229028
2.92953, -4.535, -0.229028
1.74461, -3.83692, -0.229027
1.7431, -3.51651, -0.229026
1.97329, -3.74521, -0.229026
1.97329, -3.74521, -0.229026
2.76948, -4.53623, -0.229028
1.74796, -4.54406, -0.229028
1.74461, -3.83692, -0.229027
3.17116, -4.81512, -0.229029
3.05098, -4.81424, -0.229029
3.05038, -4.69513, -0.229029
3.99687, -1.48981, -0.229021
4.00201, -2.29898, -0.229023
3.1974, -2.30359, -0.229023
3.39644, -2.10099, -0.229023
3.9905, -0.485886, -0.229019
3.99687, -1.48981, -0.229021
3.39644, -2.10099, -0.229023
3.38879, -0.48934, -0.229019
3.38879, -0.48934, -0.229019
3.38759, -0.236603, -0.229018
3.9889, -0.233628, -0.229018
3.9905, -0.485886, -0.229019
2.547, -0.109019, -0.229018
3.14699, -0.106907, -0.229018
3.98808, -0.103946, -0.229018
3.9889, -0.233628, -0.229018
3.38759, -0.236603, -0.229018
2.54762, -0.240757, -0.229018
2.54762, -0.240757, -0.229018
2.37692, -0.241602, -0.229018
2.507, -0.10916, -0.229018
2.547, -0.109019, -0.229018
2.05563, -0.243191, -0.229018
2.37692, -0.241602, -0.229018
2.54762, -0.240757, -0.229018
3.38759, -0.236603, -0.229018
3.38879, -0.48934, -0.229019
2.3088, -0.495537, -0.229019
2.22841, -0.415414, -0.229019
1.72782, -0.289499, -0.229018
1.84064, -0.244254, -0.229018
2.05563, -0.243191, -0.229018
2.22841, -0.415414, -0.229019
1.72843, -0.418283, -0.229019
1.72843, -0.418283, -0.229019
1.65844, -0.418685, -0.229019
1.65839, -0.408638, -0.229019
1.65796, -0.317516, -0.229018
1.72782, -0.289499, -0.229018
1.72782, -0.289499, -0.229018
1.65796, -0.317516, -0.229018
1.65762, -0.24516, -0.229018
1.72761, -0.244814, -0.229018
1.72761, -0.244814, -0.229018
1.84064, -0.244254, -0.229018
1.72782, -0.289499, -0.229018
1.5715, -0.322026, -0.229018
1.49519, -0.245963, -0.229018
1.65762, -0.24516, -0.229018
1.65796, -0.317516, -0.229018
1.64488, -0.322764, -0.229018
1.64488, -0.322764, -0.229018
1.59308, -0.343536, -0.229019
1.5715, -0.322026, -0.229018
1.59308, -0.343536, -0.229019
1.64488, -0.322764, -0.229018
1.65796, -0.317516, -0.229018
1.65839, -0.408638, -0.229019
3.98731, 0.0172333, -0.229018
3.98808, -0.103946, -0.229018
3.14699, -0.106907, -0.229018
3.26641, 0.0146929, -0.229018
3.34641, 0.0149747, -0.229018
3.34603, 0.09576, -0.229017
3.98269, 0.744013, -0.229016
3.98731, 0.0172333, -0.229018
3.34641, 0.0149747, -0.229018
3.34298, 0.742041, -0.229016
3.9786, 1.38923, -0.229014
3.98269, 0.744013, -0.229016
3.34603, 0.09576, -0.229017
3.34336, 0.661256, -0.229016
1.7687, 2.19814, -0.229013
3.97339, 2.20905, -0.229013
3.9786, 1.38923, -0.229014
3.34298, 0.742041, -0.229016
3.28327, 0.681241, -0.229016
3.1828, 0.78187, -0.229016
1.6528, 0.776482, -0.229016
1.65228, 0.885823, -0.229016
1.64609, 2.19754, -0.229012
1.71801, 2.19789, -0.229013
1.7687, 2.19814, -0.229013
3.1828, 0.78187, -0.229016
1.72036, 4.01808, -0.229008
3.96202, 4.0013, -0.229008
3.97339, 2.20905, -0.229013
1.7687, 2.19814, -0.229013
1.71801, 2.19789, -0.229013
1.71801, 2.19789, -0.229013
1.64609, 2.19754, -0.229012
1.6375, 4.0187, -0.229008
1.72036, 4.01808, -0.229008
1.72036, 4.01808, -0.229008
1.6375, 4.0187, -0.229008
1.63456, 4.64023, -0.229007
1.72116, 4.64066, -0.229007
1.72116, 4.64066, -0.229007
3.95789, 4.65172, -0.229007
3.96202, 4.0013, -0.229008
1.72036, 4.01808, -0.229008
3.9574, 4.72797, -0.229006
3.95789, 4.65172, -0.229007
1.72116, 4.64066, -0.229007
1.72127, 4.72688, -0.229007
1.72127, 4.72688, -0.229007
1.72136, 4.79189, -0.229006
3.85701, 4.78916, -0.229006
3.95702, 4.78904, -0.229006
3.9574, 4.72797, -0.229006
3.84922, 6.01702, -0.229004
3.94922, 6.01636, -0.229004
3.95702, 4.78904, -0.229006
3.85701, 4.78916, -0.229006
3.85701, 4.78916, -0.229006
1.72136, 4.79189, -0.229006
1.72272, 6.03103, -0.229004
3.84922, 6.01702, -0.229004
1.72136, 4.79189, -0.229006
1.63385, 4.792, -0.229007
1.628, 6.03165, -0.229004
1.72272, 6.03103, -0.229004
1.5827, 6.03195, -0.229004
1.628, 6.03165, -0.229004
1.63385, 4.792, -0.229007
1.57453, 4.79207, -0.229006
1.40271, 6.03314, -0.229004
1.5827, 6.03195, -0.229004
1.57453, 4.79207, -0.229006
1.39453, 4.7923, -0.229006
1.39453, 4.7923, -0.229006
1.28136, 4.79245, -0.229006
1.28296, 6.03392, -0.229004
1.40271, 6.03314, -0.229004
1.21301, 4.83564, -0.229006
1.21803, 5.72209, -0.229004
1.21979, 6.03434, -0.229004
1.28296, 6.03392, -0.229004
1.28136, 4.79245, -0.229006
1.28132, 4.76689, -0.229007
1.28132, 4.76689, -0.229007
1.28127, 4.72667, -0.229007
1.28116, 4.63848, -0.229007
1.21189, 4.63814, -0.229007
1.2124, 4.72729, -0.229007
1.21277, 4.79348, -0.229006
1.21301, 4.83564, -0.229006
1.28036, 4.02137, -0.229008
1.20841, 4.02191, -0.229008
1.21189, 4.63814, -0.229007
1.28116, 4.63848, -0.229007
1.28116, 4.63848, -0.229007
1.39353, 4.63904, -0.229007
1.40827, 4.63911, -0.229007
1.57352, 4.63993, -0.229007
1.63456, 4.64023, -0.229007
1.6375, 4.0187, -0.229008
1.28036, 4.02137, -0.229008
1.28036, 4.02137, -0.229008
1.6375, 4.0187, -0.229008
1.64609, 2.19754, -0.229012
1.27801, 2.19571, -0.229013
1.27801, 2.19571, -0.229013
1.22862, 2.19547, -0.229013
1.19807, 2.19532, -0.229013
1.2057, 3.54329, -0.22901
1.20841, 4.02191, -0.229008
1.28036, 4.02137, -0.229008
1.19068, 0.888646, -0.229016
1.19807, 2.19532, -0.229013
1.22862, 2.19547, -0.229013
1.23414, 0.88838, -0.229016
1.23414, 0.88838, -0.229016
1.23462, 0.77501, -0.229016
1.19003, 0.774854, -0.229016
1.19068, 0.888646, -0.229016
1.65228, 0.885823, -0.229016
1.6528, 0.776482, -0.229016
1.23462, 0.77501, -0.229016
1.23414, 0.88838, -0.229016
1.23414, 0.88838, -0.229016
1.22862, 2.19547, -0.229013
1.27801, 2.19571, -0.229013
1.64609, 2.19754, -0.229012
1.65228, 0.885823, -0.229016
1.5741, 4.72681, -0.229007
1.63416, 4.72684, -0.229007
1.63456, 4.64023, -0.229007
1.57352, 4.63993, -0.229007
1.3941, 4.72672, -0.229007
1.5741, 4.72681, -0.229007
1.57352, 4.63993, -0.229007
1.40827, 4.63911, -0.229007
1.39362, 4.65386, -0.229007
1.39362, 4.65386, -0.229007
1.32127, 4.72669, -0.229007
1.3941, 4.72672, -0.229007
1.3941, 4.72672, -0.229007
1.32127, 4.72669, -0.229007
1.28127, 4.72667, -0.229007
1.28132, 4.76689, -0.229007
1.28136, 4.79245, -0.229006
1.39453, 4.7923, -0.229006
1.39453, 4.7923, -0.229006
1.57453, 4.79207, -0.229006
1.5741, 4.72681, -0.229007
1.3941, 4.72672, -0.229007
1.57453, 4.79207, -0.229006
1.63385, 4.792, -0.229007
1.63416, 4.72684, -0.229007
1.5741, 4.72681, -0.229007
1.63416, 4.72684, -0.229007
1.63385, 4.792, -0.229007
1.72136, 4.79189, -0.229006
1.72127, 4.72688, -0.229007
1.72127, 4.72688, -0.229007
1.72116, 4.64066, -0.229007
1.63456, 4.64023, -0.229007
1.63416, 4.72684, -0.229007
1.39353, 4.63904, -0.229007
1.28116, 4.63848, -0.229007
1.28127, 4.72667, -0.229007
1.32127, 4.72669, -0.229007
1.39362, 4.65386, -0.229007
1.39362, 4.65386, -0.229007
1.40827, 4.63911, -0.229007
1.39353, 4.63904, -0.229007
6.24663, 7.03374, -0.112126
6.24663, 9.09226, -0.112126
9.12, 7.03374, -0.112126
9.12, 9.09226, -0.112126
6.67661, 7.03642, -0.112127
6.67788, 7.29141, -0.112127
6.25834, 7.2935, -0.112127
6.25862, 7.24233, -0.112127
6.25976, 7.03374, -0.112127
6.24866, 9.07129, -0.112127
6.25834, 7.2935, -0.112127
6.67788, 7.29141, -0.112127
6.68676, 9.0745, -0.112127
6.68676, 9.0745, -0.112127
6.67788, 7.29141, -0.112127
9.09785, 7.27936, -0.112127
9.10688, 9.09226, -0.112127
9.09672, 7.05199, -0.112127
9.09785, 7.27936, -0.112127
6.67788, 7.29141, -0.112127
6.67661, 7.03642, -0.112127
6.71951, 7.0367, -0.112127
-1.78985, -0.928262, 1.27556
-1.78985, 0.716409, 1.27556
-1.6923, -0.928262, 1.27556
-1.6923, 0.716409, 1.27556
-1.78319, -0.928262, 1.27556
-1.70153, -0.927339, 1.27556
-1.69895, 0.715833, 1.27556
-1.78985, 0.71604, 1.27556
2.91809, -0.918245, -1.19462
2.91809, -0.687491, -1.19462
3.05858, -0.918245, -1.19462
3.05858, -0.687491, -1.19462
3.05858, -0.687491, -1.19462
2.95858, -0.706851, -1.19462
2.92024, -0.714274, -1.19462
2.91809, -0.917591, -1.19462
3.05858, -0.91792, -1.19462
3.05858, -0.825704, -1.19462
3.05858, -0.795234, -1.19462
3.32397, -0.827386, 0.575122
3.32397, -0.679562, 0.575122
4.05104, -0.827386, 0.575122
4.05104, -0.679562, 0.575122
3.40475, -0.779564, 0.575084
3.40475, -0.82188, 0.575082
3.97025, -0.826696, 0.575082
3.97025, -0.779562, 0.575084
3.97025, -0.779562, 0.575084
3.97025, -0.679562, 0.575087
3.40475, -0.679564, 0.575087
3.40475, -0.779564, 0.575084
3.40475, -0.679564, 0.575087
3.32396, -0.679564, 0.575087
3.32397, -0.721186, 0.575086
3.32397, -0.821192, 0.575082
3.40475, -0.82188, 0.575082
3.40475, -0.779564, 0.575084
4.05104, -0.679562, 0.575087
3.97025, -0.679562, 0.575087
3.97025, -0.779562, 0.575084
3.97025, -0.826696, 0.575082
4.05104, -0.827384, 0.575082
4.05104, -0.727378, 0.575085
3.0609, -0.729006, -1.66547
3.0609, 0.905181, -1.66547
3.16771, -0.729006, -1.66547
3.16771, 0.905181, -1.66547
3.0609, -0.728589, -1.66547
3.1609, -0.728579, -1.66547
3.16641, 0.591853, -1.66547
3.06641, 0.592627, -1.66547
3.06641, 0.592627, -1.66547
3.16641, 0.591853, -1.66547
3.16771, 0.904764, -1.66547
3.06771, 0.904992, -1.66547
0.736817, -1.04046, -1.37149
0.736817, -0.883326, -1.37149
1.20398, -1.04046, -1.37149
1.20398, -0.883326, -1.37149
1.20391, -0.940188, -1.37149
1.20388, -0.883326, -1.37149
0.736819, -0.886603, -1.37149
0.736883, -0.940459, -1.37149
0.736883, -0.940459, -1.37149
0.737001, -1.04046, -1.37149
0.812491, -1.04042, -1.37149
1.20397, -1.04019, -1.37149
1.20391, -0.940188, -1.37149
-1.54551, -1.93513, 0.684767
-1.54551, 0.151064, 0.684767
-0.267829, -1.93513, 0.684767
-0.267829, 0.151064, 0.684767
-1.35384, -1.78267, 0.684762
-1.32334, -1.78248, 0.684762
-0.913078, -1.77995, 0.684763
-0.354879, -1.7765, 0.684763
-0.273218, -1.776, 0.684763
-0.272886, -1.8453, 0.684763
-1.28299, -1.85306, 0.684762
-1.1086, 0.0959831, 0.684769
-0.361982, -0.640993, 0.684767
-0.354879, -1.7765, 0.684763
-0.913078, -1.77995, 0.684763
-1.3253, -1.37043, 0.684764
-1.32606, -1.20945, 0.684765
-1.33184, 0.00649118, 0.684769
-1.33184, 0.00649118, 0.684769
-1.32606, -1.20945, 0.684765
-1.44609, -1.21037, 0.684764
-1.45165, -0.0415374, 0.684769
-0.913078, -1.77995, 0.684763
-1.32334, -1.78248, 0.684762
-1.3253, -1.37043, 0.684764
2.84199, -0.822917, 0.796629
2.84199, -0.698821, 0.796629
3.68381, -0.822917, 0.796629
3.68381, -0.698821, 0.796629
3.68381, -0.701733, 0.796621
3.68303, -0.822917, 0.79662
3.04193, -0.820696, 0.796621
2.96193, -0.820419, 0.79662
2.8425, -0.698821, 0.796621
3.8312, 0.247378, -1.59289
3.8312, 1.6402, -1.59289
3.88891, 0.247378, -1.59289
3.88891, 1.6402, -1.59289
3.8312, 1.63971, -1.59287
3.87779, 1.64021, -1.59287
3.87044, 0.337683, -1.59287
3.86993, 0.247599, -1.59287
3.84232, 0.24747, -1.59287
-1.88778, 0.748406, -0.338896
-1.88778, 0.852782, -0.338896
-0.357445, 0.748406, -0.338896
-0.357445, 0.852782, -0.338896
-0.357446, 0.752782, -0.338896
-0.357732, 0.852782, -0.338896
-1.88772, 0.848406, -0.338896
-1.88751, 0.748406, -0.338896
1.8144, -0.881442, -0.0288933
1.8144, -0.720234, -0.0288933
4.31059, -0.881442, -0.0288932
4.31059, -0.720234, -0.0288932
1.97757, -0.77479, -0.0288933
1.97751, -0.735158, -0.0288933
2.39513, -0.732486, -0.0288933
2.3894, -0.77483, -0.0288933
2.3894, -0.77483, -0.0288933
2.38144, -0.833636, -0.0288933
2.37574, -0.875768, -0.0288933
2.16075, -0.875747, -0.0288933
2.04772, -0.875736, -0.0288933
1.97773, -0.875729, -0.0288933
1.97757, -0.77479, -0.0288933
1.97757, -0.77479, -0.0288933
1.97773, -0.875729, -0.0288933
1.8153, -0.875713, -0.0288935
1.82895, -0.774776, -0.0288935
1.82895, -0.774776, -0.0288935
1.83419, -0.736075, -0.0288935
1.97751, -0.735158, -0.0288933
1.97757, -0.77479, -0.0288933
2.69108, -0.831655, -0.0288933
2.69704, -0.8758, -0.0288933
2.37574, -0.875768, -0.0288933
2.38144, -0.833636, -0.0288933
2.38144, -0.833636, -0.0288933
2.3894, -0.77483, -0.0288933
2.68342, -0.774859, -0.0288933
2.69108, -0.831655, -0.0288933
2.3894, -0.77483, -0.0288933
2.39513, -0.732486, -0.0288933
2.67746, -0.730679, -0.0288933
2.68342, -0.774859, -0.0288933
2.68342, -0.774859, -0.0288933
2.67746, -0.730679, -0.0288933
2.86774, -0.729461, -0.0288932
2.86774, -0.774877, -0.0288932
2.86774, -0.774877, -0.0288932
2.86774, -0.729461, -0.0288932
3.70773, -0.724086, -0.0288932
3.70773, -0.774959, -0.0288932
3.70773, -0.774959, -0.0288932
3.70773, -0.724086, -0.0288932
4.30966, -0.720234, -0.0288932
4.30944, -0.775018, -0.0288932
-1.83749, -1.0461, -1.55839
-1.83749, -0.958948, -1.55839
-1.76737, -1.0461, -1.55839
-1.76737, -0.958948, -1.55839
-1.83713, -0.960028, -1.55839
-1.83749, -1.04581, -1.55839
-1.76892, -1.04592, -1.55839
-1.76737, -0.959239, -1.55839
0.657588, -0.040254, -1.65416
0.657588, 0.761984, -1.65416
0.755596, -0.040254, -1.65416
0.755596, 0.761984, -1.65416
0.659089, 0.401728, -1.65416
0.75447, 0.400919, -1.65416
0.755327, -0.0400354, -1.65416
0.660932, -0.0402505, -1.65416
0.657588, 0.761765, -1.65416
0.753771, 0.760949, -1.65416
0.75447, 0.400919, -1.65416
0.659089, 0.401728, -1.65416
-1.09065, -1.59985, -0.288315
-1.09065, -0.383822, -0.288315
-0.219077, -1.59985, -0.288315
-0.219077, -0.383822, -0.288315
-1.08903, -0.730267, -0.288315
-0.224833, -0.383822, -0.288313
-0.219269, -1.55428, -0.288317
-0.219077, -1.59453, -0.288318
-0.259278, -1.55459, -0.288317
0.592018, -0.909618, -1.65754
0.592018, -0.435799, -1.65754
0.692944, -0.909618, -1.65754
0.692944, -0.435799, -1.65754
0.593903, -0.43599, -1.65754
0.692024, -0.436, -1.65754
0.692143, -0.497626, -1.65754
0.594155, -0.496518, -1.65754
0.592135, -0.496495, -1.65754
0.594155, -0.496518, -1.65754
0.692143, -0.497626, -1.65754
0.692573, -0.718827, -1.65754
0.595084, -0.719234, -1.65754
0.592568, -0.719245, -1.65754
0.595084, -0.719234, -1.65754
0.692573, -0.718827, -1.65754
0.692943, -0.908861, -1.65754
0.595878, -0.909613, -1.65754
1.14509, -1.19809, -1.70845
1.14509, -0.450806, -1.70845
1.1595, -1.19809, -1.70845
1.1595, -0.450806, -1.70845
1.1553, -0.450807, -1.70845
1.14929, -1.19795, -1.70846
1.1595, -1.19805, -1.70846
-0.362024, 0.803167, -1.2452
-0.362024, 1.28389, -1.2452
-0.140641, 0.803167, -1.2452
-0.140641, 1.28389, -1.2452
-0.362024, 0.803823, -1.2452
-0.142014, 0.803193, -1.2452
-0.140641, 1.28324, -1.2452
-0.360652, 1.28374, -1.2452
7.58047, -0.271815, -0.119062
7.58047, 8.01218, -0.119062
10.436, -0.271815, -0.119062
10.436, 8.01218, -0.119062
7.77211, -0.176095, -0.119062
7.77204, -0.269992, -0.119063
7.65229, -0.269922, -0.119062
7.58912, -0.269885, -0.119062
7.58923, -0.175813, -0.119062
7.77259, 0.490799, -0.11906
7.77211, -0.176095, -0.119062
7.58923, -0.175813, -0.119062
7.59024, 0.675001, -0.119058
7.59024, 0.675001, -0.119058
7.59025, 0.684459, -0.119058
7.77274, 0.684335, -0.119058
7.77259, 0.490799, -0.11906
7.77274, 0.684335, -0.119058
7.95275, 0.684212, -0.119058
7.95203, -0.270097, -0.119062
7.77204, -0.269992, -0.119063
7.77211, -0.176095, -0.119062
7.77259, 0.490799, -0.11906
7.95275, 0.684212, -0.119058
7.99946, 0.68418, -0.119058
7.99733, -0.270123, -0.119062
7.95203, -0.270097, -0.119062
10.2186, -0.27142, -0.119062
8.09206, -0.270179, -0.119061
7.99733, -0.270123, -0.119062
7.99946, 0.68418, -0.119058
10.2155, 0.682668, -0.119058
10.2155, 0.682668, -0.119058
10.3155, 0.6826, -0.119058
10.3183, -0.171478, -0.119062
10.3186, -0.271478, -0.119063
10.2186, -0.27142, -0.119062
10.3134, 1.34245, -0.119054
10.3155, 0.6826, -0.119058
10.2155, 0.682668, -0.119058
7.99946, 0.68418, -0.119058
8.00094, 1.34882, -0.119056
8.05741, 1.34867, -0.119056
8.05775, 3.12672, -0.119047
10.3077, 3.12518, -0.119047
10.3134, 1.34245, -0.119054
8.05741, 1.34867, -0.119056
8.05741, 1.34867, -0.119056
8.00094, 1.34882, -0.119056
8.00491, 3.12675, -0.119047
8.05775, 3.12672, -0.119047
8.05775, 3.12672, -0.119047
8.00491, 3.12675, -0.119047
8.00505, 3.19076, -0.119047
8.05777, 3.19076, -0.119047
8.05777, 3.19076, -0.119047
10.3075, 3.19062, -0.119046
10.3077, 3.12518, -0.119047
8.05775, 3.12672, -0.119047
8.05781, 3.4124, -0.119045
10.3068, 3.41048, -0.119046
10.3075, 3.19062, -0.119046
8.05777, 3.19076, -0.119047
8.05777, 3.19076, -0.119047
8.00505, 3.19076, -0.119047
8.00555, 3.41244, -0.119045
8.05781, 3.4124, -0.119045
8.05781, 3.4124, -0.119045
8.00555, 3.41244, -0.119045
8.00699, 4.05803, -0.119043
8.05794, 4.05799, -0.119041
8.05794, 4.05799, -0.119041
10.3047, 4.05607, -0.119042
10.3068, 3.41048, -0.119046
8.05781, 3.4124, -0.119045
8.05823, 5.56929, -0.119034
10.2998, 5.56776, -0.119034
10.3047, 4.05607, -0.119042
8.05794, 4.05799, -0.119041
8.05794, 4.05799, -0.119041
8.00699, 4.05803, -0.119043
8.0084, 4.69228, -0.119039
8.01036, 5.56933, -0.119035
8.05823, 5.56929, -0.119034
8.05823, 5.56929, -0.119034
8.01036, 5.56933, -0.119035
8.01581, 8.0119, -0.119022
8.05871, 8.01187, -0.119021
8.05871, 8.01187, -0.119021
10.436, 8.01025, -0.119022
10.4305, 5.56767, -0.119034
10.2998, 5.56776, -0.119034
8.05823, 5.56929, -0.119034
8.01036, 5.56933, -0.119035
7.59605, 5.56961, -0.119034
7.59612, 5.63088, -0.119034
7.59895, 8.01218, -0.119022
8.01581, 8.0119, -0.119022
7.59451, 4.27517, -0.119041
7.59605, 5.56961, -0.119034
8.01036, 5.56933, -0.119035
8.0084, 4.69228, -0.119039
8.0084, 4.69228, -0.119039
8.00699, 4.05803, -0.119043
8.00555, 3.41244, -0.119045
8.00505, 3.19076, -0.119047
7.59323, 3.19078, -0.119048
7.59323, 3.19169, -0.119048
7.59426, 4.05742, -0.119042
7.59451, 4.27517, -0.119041
8.00505, 3.19076, -0.119047
8.00491, 3.12675, -0.119047
7.59315, 3.12703, -0.119047
7.59323, 3.19078, -0.119048
7.59104, 1.34995, -0.119055
7.5931, 3.08384, -0.119047
7.59315, 3.12703, -0.119047
8.00491, 3.12675, -0.119047
8.00094, 1.34882, -0.119056
7.95326, 1.34895, -0.119055
7.95275, 0.684212, -0.119058
7.77274, 0.684335, -0.119058
7.59025, 0.684459, -0.119058
7.59033, 0.746745, -0.119058
7.59104, 1.34995, -0.119055
7.95326, 1.34895, -0.119055
7.95326, 1.34895, -0.119055
8.00094, 1.34882, -0.119056
7.99946, 0.68418, -0.119058
7.95275, 0.684212, -0.119058
3.23695, -0.820367, 0.435934
3.23695, -0.649929, 0.435934
3.28451, -0.820367, 0.435934
3.28451, -0.649929, 0.435934
3.23695, -0.820367, 0.435934
3.28451, -0.820367, 0.435934
3.28451, -0.649929, 0.435934
3.23721, -0.649929, 0.435934
5.4882, 1.2221, -0.12475
5.4882, 8.13654, -0.12475
8.36194, 1.2221, -0.12475
8.36194, 8.13654, -0.12475
5.92654, 8.03013, -0.124758
5.93083, 6.10798, -0.124767
5.49787, 6.10774, -0.124766
5.49777, 6.18676, -0.124766
5.4956, 8.02895, -0.124758
5.4956, 8.02895, -0.124758
5.49548, 8.12896, -0.124757
5.92632, 8.13014, -0.124757
5.92654, 8.03013, -0.124758
5.92654, 8.03013, -0.124758
5.92632, 8.13014, -0.124757
8.14191, 8.1362, -0.124758
8.14159, 8.03619, -0.124759
8.14159, 8.03619, -0.124759
8.13539, 6.1092, -0.124767
5.93083, 6.10798, -0.124767
5.92654, 8.03013, -0.124758
8.22755, 3.66643, -0.124779
5.93629, 3.66516, -0.124779
5.93083, 6.10798, -0.124767
8.13539, 6.1092, -0.124767
8.2354, 6.10925, -0.124767
8.2416, 8.03646, -0.124758
8.2354, 6.10925, -0.124767
8.13539, 6.1092, -0.124767
8.14159, 8.03619, -0.124759
8.14159, 8.03619, -0.124759
8.14191, 8.1362, -0.124758
8.24192, 8.13648, -0.124758
8.2416, 8.03646, -0.124758
5.49787, 6.10774, -0.124766
5.93083, 6.10798, -0.124767
5.93629, 3.66516, -0.124779
5.50076, 3.66491, -0.124778
5.5007, 3.7157, -0.124778
5.50048, 3.89727, -0.124777
5.49792, 6.06492, -0.124767
5.50076, 3.66491, -0.124778
5.93629, 3.66516, -0.124779
5.94175, 1.22234, -0.12479
5.50364, 1.22209, -0.12479
5.50146, 3.07015, -0.124781
5.50082, 3.61484, -0.124778
5.93629, 3.66516, -0.124779
8.22755, 3.66643, -0.124779
8.35648, 3.6665, -0.124779
8.36194, 1.22368, -0.124791
5.94175, 1.22234, -0.12479
-1.03469, 0.629563, -1.55571
-1.03469, 2.02334, -1.55571
-0.885496, 0.629563, -1.55571
-0.885496, 2.02334, -1.55571
-0.894855, 0.629582, -1.55571
-0.894846, 0.630861, -1.55571
-0.888847, 1.52382, -1.55571
-0.88645, 1.88059, -1.55571
-0.885496, 2.02263, -1.55571
-0.987261, 2.02314, -1.55571
-1.02776, 2.02334, -1.55571
-1.02017, 0.630199, -1.55571
0.9989, -1.03762, -1.1099
0.9989, -0.880821, -1.1099
1.00926, -1.03762, -1.1099
1.00926, -0.880821, -1.1099
1.00909, -0.937616, -1.1099
1.009, -0.880821, -1.1099
0.998901, -0.880821, -1.1099
0.998901, -0.93753, -1.1099
1.00916, -0.980822, -1.1099
1.00909, -0.937616, -1.1099
0.998901, -0.93753, -1.1099
0.9989, -0.980821, -1.1099
0.9989, -0.980821, -1.1099
0.9989, -1.03753, -1.1099
1.00926, -1.03762, -1.1099
1.00916, -0.980822, -1.1099
-2.0981, -3.43023, -1.59117
-2.0981, 10.2537, -1.59117
6.56094, -3.43023, -1.59117
6.56094, 10.2537, -1.59117
4.48916, -0.71079, -1.59124
3.94417, -0.631227, -1.59124
4.14542, 0.747325, -1.59115
4.5249, 0.73797, -1.59115
4.5249, 0.73797, -1.59115
4.62487, 0.735505, -1.59115
4.6207, 0.566627, -1.59116
4.59101, -0.637081, -1.59124
4.58883, -0.725341, -1.59124
4.48916, -0.71079, -1.59124
5.35733, -0.742708, -1.59124
5.25094, -0.822002, -1.59125
4.6885, -0.739892, -1.59124
4.58883, -0.725341, -1.59124
4.59101, -0.637081, -1.59124
5.51165, -0.627694, -1.59123
5.35733, -0.742708, -1.59124
4.59101, -0.637081, -1.59124
4.6207, 0.566627, -1.59116
4.71753, 0.436827, -1.59117
4.74862, 1.69712, -1.59108
5.18495, 1.63342, -1.59108
5.81824, 0.783781, -1.59114
5.63614, -0.463412, -1.59122
5.62443, -0.543633, -1.59122
5.51165, -0.627694, -1.59123
4.71753, 0.436827, -1.59117
4.71753, 0.436827, -1.59117
4.6207, 0.566627, -1.59116
4.62487, 0.735505, -1.59115
4.64895, 1.71167, -1.59108
4.74862, 1.69712, -1.59108
4.74862, 1.69712, -1.59108
4.64895, 1.71167, -1.59108
4.6595, 2.1394, -1.59105
4.75877, 2.1084, -1.59105
4.75877, 2.1084, -1.59105
4.6595, 2.1394, -1.59105
4.67105, 2.60749, -1.59102
4.77072, 2.59294, -1.59102
4.77072, 2.59294, -1.59102
6.2529, 2.37659, -1.59103
6.1503, 1.67379, -1.59107
5.72571, 1.8064, -1.59107
5.26664, 1.94978, -1.59106
4.75877, 2.1084, -1.59105
5.93634, 1.52372, -1.59109
5.80771, 1.5425, -1.59108
5.54121, 1.58141, -1.59108
5.26664, 1.94978, -1.59106
5.72571, 1.8064, -1.59107
5.77165, 1.29547, -1.5911
5.75222, 1.2983, -1.5911
5.54121, 1.58141, -1.59108
5.80771, 1.5425, -1.59108
5.80771, 1.5425, -1.59108
5.93634, 1.52372, -1.59109
6.12438, 1.49627, -1.59109
6.34326, 1.46432, -1.59109
6.33409, 1.2134, -1.5911
5.77165, 1.29547, -1.5911
6.33409, 1.2134, -1.5911
6.30985, 0.55017, -1.59115
6.03925, 0.91322, -1.59113
5.75222, 1.2983, -1.5911
5.77165, 1.29547, -1.5911
5.98725, 0.557031, -1.59115
5.81824, 0.783781, -1.59114
5.18495, 1.63342, -1.59108
5.54121, 1.58141, -1.59108
5.75222, 1.2983, -1.5911
6.03925, 0.91322, -1.59113
6.03925, 0.91322, -1.59113
6.30985, 0.55017, -1.59115
6.29501, 0.144117, -1.59117
6.2494, 0.205316, -1.59117
5.98725, 0.557031, -1.59115
5.96693, 0.41786, -1.59116
5.98725, 0.557031, -1.59115
6.2494, 0.205316, -1.59117
6.16977, 0.145951, -1.59117
6.16977, 0.145951, -1.59117
5.89761, -0.0569382, -1.59119
5.96693, 0.41786, -1.59116
5.86295, -0.294337, -1.59121
5.63614, -0.463412, -1.59122
5.81824, 0.783781, -1.59114
5.98725, 0.557031, -1.59115
5.96693, 0.41786, -1.59116
5.89761, -0.0569382, -1.59119
6.2494, 0.205316, -1.59117
6.29501, 0.144117, -1.59117
6.29064, 0.0245006, -1.59118
5.86295, -0.294337, -1.59121
5.89761, -0.0569382, -1.59119
6.16977, 0.145951, -1.59117
5.86295, -0.294337, -1.59121
6.29064, 0.0245006, -1.59118
6.28795, -0.0491025, -1.59119
5.89663, -0.34076, -1.59121
5.85123, -0.3746, -1.59121
5.85123, -0.3746, -1.59121
5.62443, -0.543633, -1.59122
5.63614, -0.463412, -1.59122
5.86295, -0.294337, -1.59121
5.7888, -0.802181, -1.59124
5.62497, -0.779598, -1.59124
5.59571, -0.740377, -1.59124
5.62443, -0.543633, -1.59122
5.85123, -0.3746, -1.59121
5.85123, -0.3746, -1.59121
5.89663, -0.34076, -1.59121
6.2595, -0.827746, -1.59124
6.25807, -0.866863, -1.59124
5.84965, -0.810569, -1.59124
5.7888, -0.802181, -1.59124
5.62497, -0.779598, -1.59124
5.7888, -0.802181, -1.59124
5.84965, -0.810569, -1.59124
5.83631, -0.90746, -1.59125
5.70618, -0.888461, -1.59125
5.70618, -0.888461, -1.59125
5.25094, -0.822002, -1.59125
5.35733, -0.742708, -1.59124
5.62497, -0.779598, -1.59124
5.62497, -0.779598, -1.59124
5.35733, -0.742708, -1.59124
5.51165, -0.627694, -1.59123
5.59571, -0.740377, -1.59124
5.59571, -0.740377, -1.59124
5.51165, -0.627694, -1.59123
5.62443, -0.543633, -1.59122
4.6885, -0.739892, -1.59124
5.25094, -0.822002, -1.59125
5.70618, -0.888461, -1.59125
5.76591, -0.96854, -1.59125
5.74752, -0.965854, -1.59125
5.51003, -0.931183, -1.59125
5.19331, -0.884945, -1.59125
4.87666, -0.838716, -1.59125
4.68675, -0.81099, -1.59125
4.68675, -0.81099, -1.59125
4.58708, -0.796438, -1.59125
4.58883, -0.725341, -1.59124
4.6885, -0.739892, -1.59124
4.64446, -2.52518, -1.59136
4.55618, -3.16636, -1.59141
4.52871, -3.16235, -1.59141
4.58708, -0.796438, -1.59125
4.68675, -0.81099, -1.59125
4.68675, -0.81099, -1.59125
4.87666, -0.838716, -1.59125
4.7732, -1.59015, -1.5913
4.735, -1.86759, -1.59132
4.64446, -2.52518, -1.59136
4.64446, -2.52518, -1.59136
4.735, -1.86759, -1.59132
5.05064, -1.62836, -1.5913
5.09565, -1.59424, -1.5913
5.09021, -1.63381, -1.5913
4.87283, -3.21259, -1.59141
4.62838, -3.1769, -1.59141
4.62838, -3.1769, -1.59141
4.55618, -3.16636, -1.59141
4.64446, -2.52518, -1.59136
6.22073, -1.78951, -1.5913
5.98919, -3.37557, -1.59141
4.87283, -3.21259, -1.59141
5.09021, -1.63381, -1.5913
5.40727, -1.67748, -1.5913
6.17097, -1.02767, -1.59125
6.25176, -1.03947, -1.59125
6.22555, -1.75647, -1.5913
6.22073, -1.78951, -1.5913
5.40727, -1.67748, -1.5913
5.41818, -1.59822, -1.5913
5.68868, -1.39321, -1.59128
5.93539, -0.993282, -1.59125
6.17097, -1.02767, -1.59125
5.68868, -1.39321, -1.59128
5.72141, -1.15546, -1.59126
5.81158, -1.08712, -1.59126
5.82668, -0.977412, -1.59125
5.93539, -0.993282, -1.59125
5.81158, -1.08712, -1.59126
5.81158, -1.08712, -1.59126
5.72141, -1.15546, -1.59126
5.74752, -0.965854, -1.59125
5.76591, -0.96854, -1.59125
5.82668, -0.977412, -1.59125
5.70618, -0.888461, -1.59125
5.83631, -0.90746, -1.59125
5.82668, -0.977412, -1.59125
5.76591, -0.96854, -1.59125
5.83631, -0.90746, -1.59125
6.25435, -0.968489, -1.59125
6.25176, -1.03947, -1.59125
6.17097, -1.02767, -1.59125
5.93539, -0.993282, -1.59125
5.82668, -0.977412, -1.59125
6.25435, -0.968489, -1.59125
6.33879, -0.980816, -1.59125
6.22555, -1.75647, -1.5913
6.25176, -1.03947, -1.59125
6.22555, -1.75647, -1.5913
6.33879, -0.980816, -1.59125
6.38359, -0.987357, -1.59125
6.36295, -3.43013, -1.59141
6.16544, -3.4013, -1.59141
6.16544, -3.4013, -1.59141
5.98919, -3.37557, -1.59141
6.22073, -1.78951, -1.5913
6.22555, -1.75647, -1.5913
6.33879, -0.980816, -1.59125
6.38641, -0.654635, -1.59123
6.38359, -0.987357, -1.59125
6.34326, 1.46432, -1.59109
6.40424, 1.45542, -1.59109
6.38641, -0.654635, -1.59123
6.33879, -0.980816, -1.59125
6.25435, -0.968489, -1.59125
6.25807, -0.866863, -1.59124
6.2595, -0.827746, -1.59124
6.28795, -0.0491025, -1.59119
6.29064, 0.0245006, -1.59118
6.29501, 0.144117, -1.59117
6.30985, 0.55017, -1.59115
6.33409, 1.2134, -1.5911
5.89663, -0.34076, -1.59121
6.28795, -0.0491025, -1.59119
6.2595, -0.827746, -1.59124
5.84965, -0.810569, -1.59124
6.25807, -0.866863, -1.59124
6.25435, -0.968489, -1.59125
5.83631, -0.90746, -1.59125
5.68868, -1.39321, -1.59128
5.41818, -1.59822, -1.5913
5.51003, -0.931183, -1.59125
5.74752, -0.965854, -1.59125
5.72141, -1.15546, -1.59126
5.40727, -1.67748, -1.5913
5.09021, -1.63381, -1.5913
5.09565, -1.59424, -1.5913
5.19331, -0.884945, -1.59125
5.51003, -0.931183, -1.59125
5.41818, -1.59822, -1.5913
4.7732, -1.59015, -1.5913
4.87666, -0.838716, -1.59125
5.19331, -0.884945, -1.59125
5.09565, -1.59424, -1.5913
5.05064, -1.62836, -1.5913
5.05064, -1.62836, -1.5913
4.735, -1.86759, -1.59132
4.7732, -1.59015, -1.5913
6.37595, 2.35862, -1.59103
6.37577, 2.35371, -1.59103
6.34865, 1.61184, -1.59108
6.1503, 1.67379, -1.59107
6.2529, 2.37659, -1.59103
6.37164, 2.35925, -1.59103
6.27023, 2.49533, -1.59102
6.28179, 2.5745, -1.59101
6.37906, 2.44396, -1.59102
6.37595, 2.35862, -1.59103
6.37164, 2.35925, -1.59103
6.37164, 2.35925, -1.59103
6.2529, 2.37659, -1.59103
6.27023, 2.49533, -1.59102
4.67105, 2.60749, -1.59102
4.679, 2.92974, -1.591
4.77867, 2.91519, -1.591
6.18038, 2.71058, -1.591
6.28179, 2.5745, -1.59101
6.27023, 2.49533, -1.59102
6.2529, 2.37659, -1.59103
4.77072, 2.59294, -1.59102
6.18038, 2.71058, -1.591
6.25954, 2.69902, -1.591
6.3877, 2.68031, -1.591
6.37906, 2.44396, -1.59102
6.28179, 2.5745, -1.59101
6.37577, 2.35371, -1.59103
6.37595, 2.35862, -1.59103
6.37906, 2.44396, -1.59102
6.3877, 2.68031, -1.591
6.42269, 3.63761, -1.59094
6.41143, 2.30585, -1.59103
6.41143, 2.30585, -1.59103
6.40709, 1.79267, -1.59106
6.40541, 1.59412, -1.59108
6.34865, 1.61184, -1.59108
6.37577, 2.35371, -1.59103
6.50709, 1.79183, -1.59106
6.40709, 1.79267, -1.59106
6.41143, 2.30585, -1.59103
6.51031, 2.17316, -1.59104
6.51031, 2.17316, -1.59104
6.56094, 2.10522, -1.59104
6.56094, 1.79137, -1.59106
6.50709, 1.79183, -1.59106
6.41143, 2.30585, -1.59103
6.42269, 3.63761, -1.59094
6.42429, 3.82756, -1.59093
6.42489, 3.89819, -1.59092
6.52477, 3.88361, -1.59092
6.56094, 3.87833, -1.59092
6.56094, 2.10522, -1.59104
6.51031, 2.17316, -1.59104
6.53353, 4.91968, -1.59085
6.56094, 4.91944, -1.59085
6.56094, 3.87833, -1.59092
6.52477, 3.88361, -1.59092
6.52477, 3.88361, -1.59092
6.42489, 3.89819, -1.59092
6.42565, 3.98863, -1.59092
6.42702, 4.15005, -1.59091
6.43119, 4.64358, -1.59087
6.43353, 4.92052, -1.59086
6.53353, 4.91968, -1.59085
5.87675, 4.23043, -1.59091
5.83717, 4.23621, -1.59091
5.84872, 4.31537, -1.5909
5.89496, 4.6321, -1.59088
6.43449, 5.03431, -1.59085
6.43353, 4.92052, -1.59086
6.43119, 4.64358, -1.59087
6.43119, 4.64358, -1.59087
6.42702, 4.15005, -1.59091
5.87675, 4.23043, -1.59091
6.42702, 4.15005, -1.59091
6.42565, 3.98863, -1.59092
5.81405, 4.07785, -1.59092
5.83717, 4.23621, -1.59091
5.87675, 4.23043, -1.59091
5.83717, 4.23621, -1.59091
5.81405, 4.07785, -1.59092
5.65573, 4.10095, -1.59092
5.83717, 4.23621, -1.59091
5.65573, 4.10095, -1.59092
5.57649, 4.11251, -1.59092
5.75801, 4.24778, -1.59091
5.75801, 4.24778, -1.59091
5.84872, 4.31537, -1.5909
5.83717, 4.23621, -1.59091
5.57649, 4.11251, -1.59092
5.53698, 4.11827, -1.59092
5.25992, 4.15869, -1.59091
5.89496, 4.6321, -1.59088
5.84872, 4.31537, -1.5909
5.75801, 4.24778, -1.59091
4.84309, 5.52633, -1.59083
4.99297, 6.55302, -1.59076
5.06061, 6.54315, -1.59076
6.44554, 6.34096, -1.59076
6.43449, 5.03431, -1.59085
5.89496, 4.6321, -1.59088
5.25992, 4.15869, -1.59091
4.81096, 4.22419, -1.59091
4.81096, 4.22419, -1.59091
5.25992, 4.15869, -1.59091
5.53698, 4.11827, -1.59092
5.43551, 4.04263, -1.59092
4.80874, 4.13413, -1.59092
4.69279, 3.48895, -1.59096
4.70907, 4.14868, -1.59092
4.80874, 4.13413, -1.59092
5.43551, 4.04263, -1.59092
4.7947, 3.56492, -1.59096
4.77867, 2.91519, -1.591
4.679, 2.92974, -1.591
4.69279, 3.48895, -1.59096
4.7947, 3.56492, -1.59096
4.7947, 3.56492, -1.59096
5.43551, 4.04263, -1.59092
6.42489, 3.89819, -1.59092
6.42429, 3.82756, -1.59093
6.2711, 2.77818, -1.591
6.18038, 2.71058, -1.591
4.77867, 2.91519, -1.591
6.2711, 2.77818, -1.591
6.25954, 2.69902, -1.591
6.18038, 2.71058, -1.591
6.42429, 3.82756, -1.59093
6.42269, 3.63761, -1.59094
6.3877, 2.68031, -1.591
6.25954, 2.69902, -1.591
6.2711, 2.77818, -1.591
5.53698, 4.11827, -1.59092
5.57649, 4.11251, -1.59092
5.65573, 4.10095, -1.59092
5.81405, 4.07785, -1.59092
6.42565, 3.98863, -1.59092
6.42489, 3.89819, -1.59092
5.43551, 4.04263, -1.59092
6.45693, 7.68891, -1.59067
6.44554, 6.34096, -1.59076
5.06061, 6.54315, -1.59076
5.2413, 7.85615, -1.59067
5.2413, 7.85615, -1.59067
5.28547, 8.17711, -1.59065
6.46098, 8.16751, -1.59064
6.45693, 7.68891, -1.59067
5.39056, 8.94076, -1.5906
5.52306, 8.92142, -1.5906
6.37161, 8.79754, -1.5906
6.46619, 8.78373, -1.5906
6.46098, 8.16751, -1.59064
5.28547, 8.17711, -1.59065
5.28547, 8.17711, -1.59065
5.23013, 8.17756, -1.59065
5.34257, 8.94777, -1.5906
5.39056, 8.94076, -1.5906
5.52306, 8.92142, -1.5906
5.39056, 8.94076, -1.5906
5.34257, 8.94777, -1.5906
5.35402, 9.0262, -1.59059
5.5237, 9.00283, -1.59059
5.5237, 9.00283, -1.59059
6.3724, 8.88591, -1.59059
6.37161, 8.79754, -1.5906
5.52306, 8.92142, -1.5906
6.3724, 8.88591, -1.59059
6.46694, 8.87288, -1.59059
6.46619, 8.78373, -1.5906
6.37161, 8.79754, -1.5906
6.37299, 8.95207, -1.59059
6.4675, 8.93906, -1.59059
6.46694, 8.87288, -1.59059
6.3724, 8.88591, -1.59059
5.52423, 9.06887, -1.59059
6.37299, 8.95207, -1.59059
6.3724, 8.88591, -1.59059
5.5237, 9.00283, -1.59059
5.5237, 9.00283, -1.59059
5.35402, 9.0262, -1.59059
5.36348, 9.09099, -1.59059
5.52423, 9.06887, -1.59059
5.52423, 9.06887, -1.59059
5.36348, 9.09099, -1.59059
5.52368, 10.1884, -1.59051
5.53314, 10.1883, -1.59051
5.53314, 10.1883, -1.59051
6.38392, 10.1807, -1.59051
6.37299, 8.95207, -1.59059
5.52423, 9.06887, -1.59059
6.38392, 10.1807, -1.59051
6.47799, 10.1799, -1.59051
6.47535, 9.86766, -1.59053
6.46786, 8.98123, -1.59059
6.4675, 8.93906, -1.59059
6.37299, 8.95207, -1.59059
5.4614, 10.1889, -1.59051
5.52368, 10.1884, -1.59051
5.36348, 9.09099, -1.59059
5.31128, 9.09817, -1.59059
5.31128, 9.09817, -1.59059
4.8328, 9.16402, -1.59059
4.8335, 9.19239, -1.59058
4.85821, 10.1943, -1.59052
5.4614, 10.1889, -1.59051
3.12439, 10.2097, -1.59053
4.85821, 10.1943, -1.59052
4.8335, 9.19239, -1.59058
3.02374, 9.4244, -1.59058
3.02374, 9.4244, -1.59058
2.96755, 9.43161, -1.59058
2.97242, 9.46496, -1.59058
3.0812, 10.2101, -1.59053
3.12439, 10.2097, -1.59053
3.01655, 10.2107, -1.59053
3.01745, 10.2107, -1.59053
3.0812, 10.2101, -1.59053
2.97242, 9.46496, -1.59058
2.91489, 9.47304, -1.59058
2.15086, 10.2184, -1.59053
3.01655, 10.2107, -1.59053
2.91489, 9.47304, -1.59058
2.06295, 9.5927, -1.59058
2.06295, 9.5927, -1.59058
0.575903, 9.80156, -1.59057
0.63872, 10.2319, -1.59055
1.93311, 10.2203, -1.59054
2.15086, 10.2184, -1.59053
0.518097, 9.80968, -1.59057
0.577455, 10.2324, -1.59055
0.63872, 10.2319, -1.59055
0.575903, 9.80156, -1.59057
0.575903, 9.80156, -1.59057
0.566828, 9.73939, -1.59058
0.509263, 9.74677, -1.59058
0.518097, 9.80968, -1.59057
0.509263, 9.74677, -1.59058
-1.83389, 10.0472, -1.59058
-1.80376, 10.2536, -1.59056
0.577455, 10.2324, -1.59055
0.518097, 9.80968, -1.59057
0.496413, 9.65526, -1.59058
-0.0379252, 9.73326, -1.59058
-1.84128, 9.99654, -1.59058
-1.83389, 10.0472, -1.59058
0.509263, 9.74677, -1.59058
0.509263, 9.74677, -1.59058
0.566828, 9.73939, -1.59058
0.559143, 9.68675, -1.59058
0.553333, 9.64695, -1.59058
0.496413, 9.65526, -1.59058
0.496413, 9.65526, -1.59058
0.553333, 9.64695, -1.59058
0.535453, 9.52448, -1.59059
0.344644, 8.21743, -1.59068
0.29457, 8.21784, -1.59068
-0.0379252, 9.73326, -1.59058
0.496413, 9.65526, -1.59058
0.29457, 8.21784, -1.59068
-0.250105, 8.22229, -1.59069
-0.250105, 8.22229, -1.59069
-2.0981, 8.23737, -1.5907
-1.84128, 9.99654, -1.59058
-0.0379252, 9.73326, -1.59058
0.395429, 8.21702, -1.59068
0.344644, 8.21743, -1.59068
0.535453, 9.52448, -1.59059
0.578184, 9.51847, -1.59059
0.578184, 9.51847, -1.59059
0.756439, 9.49344, -1.59059
0.576995, 8.21554, -1.59068
0.395429, 8.21702, -1.59068
2.74457, 8.19785, -1.59066
0.576995, 8.21554, -1.59068
0.756439, 9.49344, -1.59059
2.88179, 9.19492, -1.5906
2.88179, 9.19492, -1.5906
2.93197, 9.18788, -1.5906
2.78739, 8.1975, -1.59066
2.74457, 8.19785, -1.59066
2.99234, 9.1794, -1.5906
2.86641, 8.19685, -1.59066
2.78739, 8.1975, -1.59066
2.93197, 9.18788, -1.5906
2.93197, 9.18788, -1.5906
2.94795, 9.29736, -1.59059
3.00636, 9.28883, -1.59059
2.99234, 9.1794, -1.5906
4.70853, 8.18182, -1.59065
2.86641, 8.19685, -1.59066
2.99234, 9.1794, -1.5906
3.00636, 9.28883, -1.59059
4.72964, 9.03725, -1.59059
4.72964, 9.03725, -1.59059
4.82931, 9.0227, -1.59059
4.80855, 8.181, -1.59065
4.70853, 8.18182, -1.59065
5.18464, 8.17793, -1.59065
4.80855, 8.181, -1.59065
4.82931, 9.0227, -1.59059
5.29161, 8.95521, -1.5906
5.29161, 8.95521, -1.5906
5.34257, 8.94777, -1.5906
5.23013, 8.17756, -1.59065
5.18464, 8.17793, -1.59065
5.23013, 8.17756, -1.59065
4.99297, 6.55302, -1.59076
4.86886, 6.57114, -1.59076
4.76919, 6.58569, -1.59076
4.80855, 8.181, -1.59065
5.18464, 8.17793, -1.59065
4.84309, 5.52633, -1.59083
4.72271, 4.70179, -1.59088
4.76919, 6.58569, -1.59076
4.86886, 6.57114, -1.59076
4.86886, 6.57114, -1.59076
4.99297, 6.55302, -1.59076
4.84309, 5.52633, -1.59083
5.06061, 6.54315, -1.59076
4.99297, 6.55302, -1.59076
5.23013, 8.17756, -1.59065
5.28547, 8.17711, -1.59065
5.2413, 7.85615, -1.59067
5.30236, 9.03332, -1.59059
5.35402, 9.0262, -1.59059
5.34257, 8.94777, -1.5906
5.29161, 8.95521, -1.5906
5.29161, 8.95521, -1.5906
4.82931, 9.0227, -1.59059
4.83117, 9.09823, -1.59059
5.30236, 9.03332, -1.59059
5.30236, 9.03332, -1.59059
4.83117, 9.09823, -1.59059
4.8328, 9.16402, -1.59059
5.31128, 9.09817, -1.59059
5.31128, 9.09817, -1.59059
5.36348, 9.09099, -1.59059
5.35402, 9.0262, -1.59059
5.30236, 9.03332, -1.59059
3.01402, 9.34856, -1.59059
3.02374, 9.4244, -1.59058
4.8335, 9.19239, -1.59058
4.8328, 9.16402, -1.59059
4.83117, 9.09823, -1.59059
4.83117, 9.09823, -1.59059
4.82931, 9.0227, -1.59059
4.72964, 9.03725, -1.59059
3.00636, 9.28883, -1.59059
3.01402, 9.34856, -1.59059
3.01402, 9.34856, -1.59059
3.00636, 9.28883, -1.59059
2.94795, 9.29736, -1.59059
2.95658, 9.35648, -1.59059
2.95658, 9.35648, -1.59059
2.96755, 9.43161, -1.59058
3.02374, 9.4244, -1.59058
3.01402, 9.34856, -1.59059
2.905, 9.36358, -1.59059
2.91528, 9.43831, -1.59058
2.96755, 9.43161, -1.59058
2.95658, 9.35648, -1.59059
2.95658, 9.35648, -1.59059
2.94795, 9.29736, -1.59059
2.89691, 9.30481, -1.59059
2.905, 9.36358, -1.59059
2.905, 9.36358, -1.59059
2.89691, 9.30481, -1.59059
0.773482, 9.61481, -1.59059
0.553333, 9.64695, -1.59058
0.559143, 9.68675, -1.59058
0.559143, 9.68675, -1.59058
0.566828, 9.73939, -1.59058
2.91528, 9.43831, -1.59058
2.905, 9.36358, -1.59059
2.97242, 9.46496, -1.59058
2.96755, 9.43161, -1.59058
2.91528, 9.43831, -1.59058
0.566828, 9.73939, -1.59058
0.575903, 9.80156, -1.59057
2.06295, 9.5927, -1.59058
2.91489, 9.47304, -1.59058
0.756439, 9.49344, -1.59059
0.578184, 9.51847, -1.59059
0.535453, 9.52448, -1.59059
0.553333, 9.64695, -1.59058
0.773482, 9.61481, -1.59059
2.88179, 9.19492, -1.5906
0.756439, 9.49344, -1.59059
0.773482, 9.61481, -1.59059
2.89691, 9.30481, -1.59059
2.89691, 9.30481, -1.59059
2.94795, 9.29736, -1.59059
2.93197, 9.18788, -1.5906
2.88179, 9.19492, -1.5906
-2.36649, -1.04031, 0.811328
-2.36649, -0.929499, 0.811328
-1.35531, -1.04031, 0.811328
-1.35531, -0.929499, 0.811328
-1.35661, -1.02951, 0.811327
-1.3564, -0.929499, 0.811327
-2.36648, -0.940312, 0.811328
-2.36541, -1.04031, 0.811327
-1.23716, 0.305562, 0.426164
-1.23716, 1.75687, 0.426164
-0.653268, 0.305562, 0.426164
-0.653268, 1.75687, 0.426164
-0.653268, 0.806166, 0.426147
-0.653268, 1.69915, 0.426148
-1.13076, 1.75687, 0.426155
-1.23716, 0.876756, 0.426155
-1.13789, 0.864753, 0.426154
-1.20549, 0.305563, 0.426154
-0.653268, 0.305562, 0.426146
-0.653268, 0.806166, 0.426147
-1.13789, 0.864753, 0.426154
-1.6765, -1.22089, -1.56006
-1.6765, -0.891061, -1.56006
-1.60512, -1.22089, -1.56006
-1.60512, -0.891061, -1.56006
-1.60512, -0.891525, -1.56006
-1.67368, -0.891184, -1.56006
-1.6765, -1.22042, -1.56006
-1.60732, -1.21993, -1.56006
2.89695, -0.879596, -1.11348
2.89695, -0.739017, -1.11348
2.90724, -0.879596, -1.11348
2.90724, -0.739017, -1.11348
2.89696, -0.879526, -1.11348
2.90724, -0.879596, -1.11348
2.907, -0.739017, -1.11348
2.89696, -0.739034, -1.11348
7.78194, 4.60633, 1.2381
7.78194, 6.64693, 1.2381
7.92279, 4.60633, 1.2381
7.92279, 6.64693, 1.2381
7.78194, 6.64628, 1.2381
7.91264, 6.64544, 1.2381
7.91542, 6.08673, 1.2381
7.78522, 6.08608, 1.2381
7.78522, 6.08608, 1.2381
7.91542, 6.08673, 1.2381
7.92279, 4.60698, 1.2381
7.79387, 4.60793, 1.2381
0.723448, 1.214, -1.27989
0.723448, 6.05568, -1.27989
1.09737, 1.214, -1.27989
1.09737, 6.05568, -1.27989
0.739706, 3.63569, -1.27989
1.08532, 3.63397, -1.27989
1.09737, 6.05394, -1.27989
0.755965, 6.05564, -1.27989
0.723448, 1.21574, -1.27989
1.07327, 1.214, -1.27989
1.08532, 3.63397, -1.27989
0.739706, 3.63569, -1.27989
0.739287, 3.57332, -1.27989
0.737809, 3.35324, -1.27989
0.735658, 3.03323, -1.27989
-0.314062, 0.803927, -1.55134
-0.314062, 1.28387, -1.55134
-0.187711, 0.803927, -1.55134
-0.187711, 1.28387, -1.55134
-0.19476, 0.903939, -1.55134
-0.187712, 1.2836, -1.55134
-0.313028, 1.28387, -1.55134
-0.313512, 0.904278, -1.55134
-0.313512, 0.904278, -1.55134
-0.31364, 0.804278, -1.55134
-0.294506, 0.804223, -1.55134
-0.196616, 0.803943, -1.55134
-0.19476, 0.903939, -1.55134
-0.303255, -1.38607, 0.858186
-0.303255, -0.336592, 0.858186
-0.274094, -1.38607, 0.858186
-0.274094, -0.336592, 0.858186
-0.274094, -0.336592, 0.858186
-0.303255, -1.38527, 0.858186
-0.274094, -1.38578, 0.858186
1.14729, -1.25226, -1.60931
1.14729, 1.27402, -1.60931
2.78265, -1.25226, -1.60931
2.78265, 1.27402, -1.60931
1.1831, -0.487666, -1.609
1.2042, -1.23501, -1.60908
1.14729, -1.25225, -1.60907
1.14729, -0.493283, -1.609
1.14729, -0.492583, -1.609
1.40307, -1.17474, -1.60909
1.2042, -1.23501, -1.60908
1.1831, -0.487666, -1.609
1.3064, -0.470733, -1.60901
1.3064, -0.470733, -1.60901
2.37636, -0.32379, -1.6091
1.82877, -1.04575, -1.60912
1.40307, -1.17474, -1.60909
2.78265, 0.211873, -1.60909
2.37636, -0.32379, -1.6091
1.3064, -0.470733, -1.60901
1.28462, -0.312218, -1.60899
2.45545, 1.23144, -1.60895
2.76546, 1.27402, -1.60897
1.28462, -0.312218, -1.60899
1.15058, 0.663671, -1.60887
1.14729, 0.780258, -1.60886
1.14729, 1.05178, -1.60883
2.45545, 1.23144, -1.60895
-1.58415, 1.21698, -1.10607
-1.58415, 3.63698, -1.10607
3.25585, 1.21698, -1.10607
3.25585, 3.63698, -1.10607
0.835848, 1.21698, -1.10607
1.78154, 1.21698, -1.10607
1.86369, 1.21698, -1.10607
1.89379, 1.21698, -1.10607
2.75667, 1.21698, -1.10607
3.25585, 1.21698, -1.10607
3.25585, 3.63698, -1.10607
0.835848, 3.63698, -1.10607
0.835848, 3.63698, -1.10607
-1.58415, 3.63698, -1.10607
-1.58415, 1.21698, -1.10607
0.835848, 1.21698, -1.10607
3.14192, -0.955926, 1.21762
3.14192, -0.683007, 1.21762
3.24192, -0.955926, 1.21762
3.24192, -0.683007, 1.21762
3.19612, -0.948008, 1.2176
3.14192, -0.955926, 1.2176
3.14192, -0.805047, 1.2176
3.1949, -0.804594, 1.21761
3.24192, -0.804193, 1.21761
3.1949, -0.804594, 1.21761
3.14192, -0.805047, 1.2176
3.14192, -0.683861, 1.21761
3.24192, -0.683007, 1.21762
-5.67029, -1.27962, -0.163439
-5.67029, 0.579822, -0.163439
-2.69727, -1.27962, -0.163439
-2.69727, 0.579822, -0.163439
-5.05077, 0.573994, -0.163439
-2.70086, 0.573764, -0.163439
-2.70049, 0.340876, -0.163439
-5.05079, 0.367455, -0.163439
-5.05079, 0.367455, -0.163439
-5.12054, 0.368244, -0.163439
-5.12086, 0.574, -0.163439
-5.05077, 0.573994, -0.163439
-5.60133, 0.373681, -0.163439
-5.60216, 0.574047, -0.163439
-5.12086, 0.574, -0.163439
-5.12054, 0.368244, -0.163439
-5.12054, 0.368244, -0.163439
-5.12027, 0.197199, -0.163439
-5.53645, 0.196546, -0.163439
-5.60059, 0.196445, -0.163439
-5.60133, 0.373681, -0.163439
-5.60133, 0.373681, -0.163439
-5.60059, 0.196445, -0.163439
-5.66956, 0.196337, -0.163439
-5.66991, 0.374457, -0.163439
-5.66991, 0.374457, -0.163439
-5.67029, 0.574054, -0.163439
-5.60216, 0.574047, -0.163439
-5.60133, 0.373681, -0.163439
-5.66689, -1.17889, -0.163439
-5.66737, -0.931856, -0.163439
-5.66956, 0.196337, -0.163439
-5.60059, 0.196445, -0.163439
-5.59485, -1.17873, -0.163439
-5.59485, -1.17873, -0.163439
-5.59443, -1.27946, -0.163439
-5.66669, -1.27962, -0.163439
-5.66675, -1.25186, -0.163439
-5.66689, -1.17889, -0.163439
-5.51005, -1.27926, -0.163439
-5.59443, -1.27946, -0.163439
-5.59485, -1.17873, -0.163439
-5.60059, 0.196445, -0.163439
-5.53645, 0.196546, -0.163439
-5.53645, 0.196546, -0.163439
-5.12027, 0.197199, -0.163439
-5.11796, -1.27837, -0.163439
-5.51005, -1.27926, -0.163439
-5.11796, -1.27837, -0.163439
-5.12027, 0.197199, -0.163439
-2.70027, 0.200998, -0.163439
-2.69796, -1.27286, -0.163439
-2.70049, 0.340876, -0.163439
-2.70027, 0.200998, -0.163439
-5.12027, 0.197199, -0.163439
-5.12054, 0.368244, -0.163439
-5.05079, 0.367455, -0.163439
-3.88064, -1.60799, 1.31861
-3.88064, 1.05127, 1.31861
-2.04737, -1.60799, 1.31861
-2.04737, 1.05127, 1.31861
-3.66497, -0.286066, 1.31861
-3.79426, 0.783348, 1.31861
-3.80102, 0.83926, 1.31861
-3.8411, 0.834415, 1.31861
-3.88064, -1.60799, 1.31861
-3.64944, -1.58004, 1.31861
-3.64944, -1.58004, 1.31861
-3.51057, -1.56325, 1.31861
-3.66497, -0.286066, 1.31861
-3.66497, -0.286066, 1.31861
-3.51057, -1.56325, 1.31861
-2.04737, -1.38636, 1.31861
-2.04737, 1.05127, 1.31861
-3.67866, 0.854053, 1.31861
-3.67783, 0.784751, 1.31861
-3.79426, 0.783348, 1.31861
-3.66497, -0.286066, 1.31861
-3.67783, 0.784751, 1.31861
-3.77783, 0.783546, 1.31861
-3.77853, 0.841979, 1.31861
-3.80102, 0.83926, 1.31861
-3.79426, 0.783348, 1.31861
-3.77783, 0.783546, 1.31861
1.10924, -2.51126, -0.189047
1.10924, 0.677092, -0.189047
3.93265, -2.51126, -0.189047
3.93265, 0.677092, -0.189047
1.11114, -2.15711, -0.189043
1.12119, -0.384033, -0.189039
1.4513, -0.382712, -0.18904
1.5953, -0.52626, -0.18904
1.59535, -0.536541, -0.18904
1.59572, -0.617127, -0.18904
1.60299, -2.16381, -0.189043
1.60299, -2.16381, -0.189043
1.60303, -2.17063, -0.189043
1.60425, -2.4303, -0.189044
1.6043, -2.44066, -0.189044
1.57643, -2.46902, -0.189044
1.10936, -2.47095, -0.189044
1.11114, -2.15711, -0.189043
3.33332, -2.1581, -0.189043
3.3336, -2.21901, -0.189043
3.13456, -2.42161, -0.189044
2.89455, -2.42297, -0.189044
2.73455, -2.42388, -0.189044
1.60425, -2.4303, -0.189044
1.60303, -2.17063, -0.189043
1.60303, -2.17063, -0.189043
1.60299, -2.16381, -0.189043
1.59572, -0.617127, -0.18904
2.24595, -0.613434, -0.18904
3.32597, -0.607301, -0.18904
3.33332, -2.1581, -0.189043
2.16556, -0.533303, -0.18904
2.24595, -0.613434, -0.18904
1.59572, -0.617127, -0.18904
1.59535, -0.536541, -0.18904
2.81493, -2.50401, -0.189044
2.73455, -2.42388, -0.189044
2.89455, -2.42297, -0.189044
1.58973, 0.65867, -0.189037
1.59462, -0.382138, -0.18904
1.4513, -0.382712, -0.18904
1.12119, -0.384033, -0.189039
1.12709, 0.657069, -0.189037
3.11997, 0.663967, -0.189037
3.22044, 0.563328, -0.189037
3.20054, 0.543062, -0.189037
2.44415, -0.227055, -0.189039
2.29459, -0.379337, -0.189039
2.01224, -0.380467, -0.189039
1.59462, -0.382138, -0.18904
1.58973, 0.65867, -0.189037
2.48487, -0.378575, -0.189039
2.29459, -0.379337, -0.189039
2.44415, -0.227055, -0.189039
2.48415, -0.226917, -0.189039
2.48415, -0.226917, -0.189039
3.08415, -0.22484, -0.189039
3.92584, -0.221927, -0.189039
3.92681, -0.372804, -0.189039
3.32487, -0.375213, -0.189039
2.48487, -0.378575, -0.189039
3.92507, -0.100743, -0.189039
3.92584, -0.221927, -0.189039
3.08415, -0.22484, -0.189039
3.20358, -0.103243, -0.189039
3.28358, -0.102965, -0.189039
3.28358, -0.102965, -0.189039
3.20358, -0.103243, -0.189039
3.2832, -0.0221773, -0.189039
3.28054, 0.543338, -0.189037
3.2832, -0.0221773, -0.189039
3.20358, -0.103243, -0.189039
3.08415, -0.22484, -0.189039
2.48415, -0.226917, -0.189039
2.44415, -0.227055, -0.189039
3.20054, 0.543062, -0.189037
3.20054, 0.543062, -0.189037
3.22044, 0.563328, -0.189037
3.28016, 0.624127, -0.189037
3.28054, 0.543338, -0.189037
-1.74723, 0.718496, -1.55471
-1.74723, 1.37036, -1.55471
-1.60371, 0.718496, -1.55471
-1.60371, 1.37036, -1.55471
-1.61356, 1.26962, -1.55471
-1.60371, 0.718772, -1.55471
-1.70547, 0.718612, -1.55471
-1.70777, 1.2694, -1.55471
-1.70777, 1.2694, -1.55471
-1.70819, 1.37013, -1.55471
-1.61536, 1.37034, -1.55471
-1.61356, 1.26962, -1.55471
-1.74704, 1.26931, -1.55471
-1.74723, 1.37004, -1.55471
-1.70819, 1.37013, -1.55471
-1.70777, 1.2694, -1.55471
-1.70777, 1.2694, -1.55471
-1.70547, 0.718612, -1.55471
-1.74597, 0.718549, -1.55471
-1.74704, 1.26931, -1.55471
0.590914, -0.908975, -1.56695
0.590914, -0.846446, -1.56695
0.668986, -0.908975, -1.56695
0.668986, -0.846446, -1.56695
0.591177, -0.908096, -1.56695
0.59092, -0.846447, -1.56695
0.667862, -0.846454, -1.56695
0.66898, -0.908975, -1.56695
-2.07384, -1.03347, 0.958456
-2.07384, -0.988457, 0.958456
-1.52186, -1.03347, 0.958456
-1.52186, -0.988457, 0.958456
-2.07384, -1.03341, 0.958456
-2.06849, -0.988457, 0.958456
-1.52186, -0.994639, 0.958456
-1.52201, -1.03347, 0.958456
0.0256634, -4.77437, -0.173388
0.0256634, 6.58556, -0.173388
3.04832, -4.77437, -0.173388
3.04832, 6.58556, -0.173388
0.210158, 0.814629, -0.173395
0.2087, 0.492273, -0.173396
0.113976, 0.49172, -0.173396
0.112158, 0.814058, -0.173395
0.211048, 1.01129, -0.173394
0.210158, 0.814629, -0.173395
0.112158, 0.814058, -0.173395
0.109518, 1.28228, -0.173393
0.107106, 1.71014, -0.173392
0.112935, 1.71011, -0.173392
0.20711, 1.70967, -0.173392
0.20711, 1.70967, -0.173392
0.212935, 1.70965, -0.173392
0.214207, 1.70964, -0.173392
0.211048, 1.01129, -0.173394
0.210158, 0.814629, -0.173395
0.211048, 1.01129, -0.173394
0.214207, 1.70964, -0.173392
0.605167, 1.70781, -0.173392
0.60093, 0.816907, -0.173395
0.60093, 0.816907, -0.173395
0.599397, 0.49455, -0.173396
0.2087, 0.492273, -0.173396
0.210158, 0.814629, -0.173395
0.206169, -0.0672612, -0.173398
0.2087, 0.492273, -0.173396
0.599397, 0.49455, -0.173396
0.596734, -0.0655444, -0.173398
0.596734, -0.0655444, -0.173398
0.593575, -0.729781, -0.1734
0.203181, -0.727958, -0.1734
0.206169, -0.0672612, -0.173398
0.206169, -0.0672612, -0.173398
0.203181, -0.727958, -0.1734
0.12085, -0.727573, -0.1734
0.117129, -0.0676525, -0.173398
0.117129, -0.0676525, -0.173398
0.113976, 0.49172, -0.173396
0.2087, 0.492273, -0.173396
0.206169, -0.0672612, -0.173398
0.121358, -0.817646, -0.1734
0.12085, -0.727573, -0.1734
0.203181, -0.727958, -0.1734
0.202778, -0.817172, -0.1734
0.202778, -0.817172, -0.1734
0.200677, -1.28165, -0.173402
0.12397, -1.28084, -0.173402
0.121358, -0.817646, -0.1734
0.0934657, -0.727446, -0.1734
0.12085, -0.727573, -0.1734
0.121358, -0.817646, -0.1734
0.12397, -1.28084, -0.173402
0.089048, -1.28047, -0.173402
0.192156, -3.16556, -0.173408
0.134595, -3.16529, -0.173408
0.12397, -1.28084, -0.173402
0.200677, -1.28165, -0.173402
0.200677, -1.28165, -0.173402
0.590932, -1.28578, -0.173402
0.581984, -3.16738, -0.173408
0.192156, -3.16556, -0.173408
0.143593, -4.76106, -0.173413
0.134595, -3.16529, -0.173408
0.192156, -3.16556, -0.173408
0.581984, -3.16738, -0.173408
0.574421, -4.75785, -0.173413
2.78996, -4.74137, -0.173413
0.574421, -4.75785, -0.173413
0.581984, -3.16738, -0.173408
2.7998, -3.17773, -0.173408
2.7998, -3.17773, -0.173408
2.8998, -3.1782, -0.173408
2.88997, -4.74063, -0.173413
2.78996, -4.74137, -0.173413
2.8998, -3.1782, -0.173408
2.7998, -3.17773, -0.173408
0.581984, -3.16738, -0.173408
0.590932, -1.28578, -0.173402
2.91156, -1.31033, -0.173402
2.91156, -1.31033, -0.173402
0.590932, -1.28578, -0.173402
0.593171, -0.814896, -0.1734
0.593575, -0.729781, -0.1734
0.660726, -0.730094, -0.1734
2.91515, -0.740623, -0.1734
0.672285, 1.7075, -0.173392
2.13514, 1.70067, -0.173392
2.93049, 1.69695, -0.173392
2.91515, -0.740623, -0.1734
0.660726, -0.730094, -0.1734
0.660726, -0.730094, -0.1734
0.593575, -0.729781, -0.1734
0.596734, -0.0655444, -0.173398
0.599397, 0.49455, -0.173396
0.60093, 0.816907, -0.173395
0.605167, 1.70781, -0.173392
0.672285, 1.7075, -0.173392
2.13514, 1.70067, -0.173392
0.672285, 1.7075, -0.173392
0.605167, 1.70781, -0.173392
0.606157, 1.91616, -0.173391
2.13615, 1.91133, -0.173391
2.13615, 1.91133, -0.173391
2.85379, 1.90906, -0.173391
2.93133, 1.83013, -0.173392
2.93049, 1.69695, -0.173392
2.13514, 1.70067, -0.173392
2.85379, 1.90906, -0.173391
2.93183, 1.90882, -0.173391
2.93133, 1.83013, -0.173392
2.09978, 2.67663, -0.173389
2.13978, 2.6764, -0.173389
2.93663, 2.67188, -0.173389
2.93183, 1.90882, -0.173391
2.85379, 1.90906, -0.173391
2.13959, 2.63611, -0.173389
0.609426, 2.60354, -0.173389
0.609814, 2.68509, -0.173389
2.09978, 2.67663, -0.173389
2.13959, 2.63611, -0.173389
2.1394, 2.59634, -0.173389
2.1394, 2.59634, -0.173389
2.13615, 1.91133, -0.173391
0.606157, 1.91616, -0.173391
0.609426, 2.60354, -0.173389
0.609426, 2.60354, -0.173389
0.606157, 1.91616, -0.173391
0.215146, 1.9174, -0.173391
0.215866, 2.07663, -0.173391
0.216983, 2.32353, -0.17339
0.358751, 2.46487, -0.17339
0.498366, 2.60406, -0.173389
0.498366, 2.60406, -0.173389
0.579814, 2.68526, -0.173389
0.609958, 2.71531, -0.173389
0.609814, 2.68509, -0.173389
0.609426, 2.60354, -0.173389
0.359417, 2.60471, -0.173389
0.359806, 2.68651, -0.173389
0.579814, 2.68526, -0.173389
0.498366, 2.60406, -0.173389
0.498366, 2.60406, -0.173389
0.358751, 2.46487, -0.17339
0.359417, 2.60471, -0.173389
0.358751, 2.46487, -0.17339
0.216983, 2.32353, -0.17339
0.218623, 2.68603, -0.173389
0.218629, 2.68731, -0.173389
0.359806, 2.68651, -0.173389
0.359417, 2.60471, -0.173389
0.212935, 1.70965, -0.173392
0.20711, 1.70967, -0.173392
0.112935, 1.71011, -0.173392
0.120734, 2.68649, -0.173389
0.218623, 2.68603, -0.173389
0.216983, 2.32353, -0.17339
0.215866, 2.07663, -0.173391
0.215866, 2.07663, -0.173391
0.215146, 1.9174, -0.173391
0.214207, 1.70964, -0.173392
0.212935, 1.70965, -0.173392
0.606157, 1.91616, -0.173391
0.605167, 1.70781, -0.173392
0.214207, 1.70964, -0.173392
0.215146, 1.9174, -0.173391
0.120734, 2.68649, -0.173389
0.112935, 1.71011, -0.173392
0.107106, 1.71014, -0.173392
0.1016, 2.68658, -0.173389
2.13959, 2.63611, -0.173389
2.85379, 1.90906, -0.173391
2.13615, 1.91133, -0.173391
2.1394, 2.59634, -0.173389
2.94221, 3.55838, -0.173386
2.93663, 2.67188, -0.173389
2.13978, 2.6764, -0.173389
2.144, 3.56292, -0.173386
2.144, 3.56292, -0.173386
2.14674, 4.13826, -0.173384
2.94584, 4.13453, -0.173384
2.94221, 3.55838, -0.173386
0.628349, 6.583, -0.173376
3.04832, 6.5717, -0.173376
3.03673, 4.13411, -0.173384
2.94584, 4.13453, -0.173384
2.14674, 4.13826, -0.173384
0.616758, 4.14541, -0.173384
0.236257, 6.58483, -0.173376
0.628349, 6.583, -0.173376
0.616758, 4.14541, -0.173384
0.225232, 4.14724, -0.173384
0.225232, 4.14724, -0.173384
0.132405, 4.14767, -0.173384
0.151875, 6.58523, -0.173376
0.236257, 6.58483, -0.173376
0.132405, 4.14767, -0.173384
0.093361, 4.14785, -0.173384
0.09296, 4.21897, -0.173384
0.0796162, 6.58557, -0.173376
0.151875, 6.58523, -0.173376
0.224285, 3.93799, -0.173385
0.225232, 4.14724, -0.173384
0.616758, 4.14541, -0.173384
0.614029, 3.57161, -0.173386
0.584031, 3.57178, -0.173386
0.614029, 3.57161, -0.173386
0.616758, 4.14541, -0.173384
2.14674, 4.13826, -0.173384
2.144, 3.56292, -0.173386
0.202778, -0.817172, -0.1734
0.203181, -0.727958, -0.1734
0.593575, -0.729781, -0.1734
0.593171, -0.814896, -0.1734
0.593171, -0.814896, -0.1734
0.590932, -1.28578, -0.173402
0.200677, -1.28165, -0.173402
0.202778, -0.817172, -0.1734
6.74968, 5.48493, 1.30488
6.74968, 8.20428, 1.30488
8.77111, 5.48493, 1.30489
8.77111, 8.20428, 1.30489
6.74968, 5.48493, 1.30488
7.30323, 5.56072, 1.30489
6.97495, 7.95835, 1.30489
6.74967, 7.92751, 1.30488
8.77111, 8.20428, 1.30489
6.97495, 7.95835, 1.30489
7.30323, 5.56072, 1.30489
8.76932, 5.76146, 1.30489
0.465417, -3.19369, 1.20249
0.465417, 7.94475, 1.20249
6.58206, -3.19369, 1.20249
6.58206, 7.94475, 1.20249
0.557942, -0.738256, 1.20242
0.465417, -0.750965, 1.20241
0.465417, -0.37363, 1.20242
0.465417, 0.435549, 1.20245
0.465417, 1.4395, 1.20248
0.465417, 1.69176, 1.20249
0.489277, 1.69504, 1.20249
0.489277, 1.69504, 1.20249
2.17673, 1.92682, 1.20269
2.21618, -0.510484, 1.20262
0.673784, -0.722344, 1.20243
0.557942, -0.738256, 1.20242
2.21961, -0.722326, 1.20261
2.23196, -1.4853, 1.20258
2.2463, -2.37171, 1.20256
2.25563, -2.94779, 1.20254
0.626607, -3.17155, 1.20234
0.594576, -2.03647, 1.20238
0.557942, -0.738256, 1.20242
0.673784, -0.722344, 1.20243
0.673784, -0.722344, 1.20243
2.21618, -0.510484, 1.20262
2.21833, -0.643646, 1.20261
2.21961, -0.722326, 1.20261
0.465417, -2.03917, 1.20236
0.465417, -0.750965, 1.20241
0.557942, -0.738256, 1.20242
0.594576, -2.03647, 1.20238
0.565418, -2.03708, 1.20238
0.565418, -3.17995, 1.20234
0.526951, -3.18524, 1.20233
0.505546, -3.18818, 1.20233
0.465417, -2.89601, 1.20233
0.465417, -2.03917, 1.20236
0.565418, -2.03708, 1.20238
0.465417, -2.89601, 1.20233
0.505546, -3.18818, 1.20233
0.465417, -3.19369, 1.20232
1.91517, 4.33362, 1.20275
2.16751, 2.49647, 1.20271
2.17673, 1.92682, 1.20269
0.489277, 1.69504, 1.20249
0.465417, 1.69176, 1.20249
0.465417, 1.82145, 1.20249
0.465417, 1.94263, 1.2025
0.465417, 2.66942, 1.20252
0.465417, 3.31465, 1.20255
0.465418, 4.13449, 1.20257
1.69638, 5.92648, 1.20277
1.91517, 4.33362, 1.20275
0.465418, 4.13449, 1.20257
0.465418, 5.92677, 1.20263
0.465418, 5.92677, 1.20263
0.465418, 6.57721, 1.20266
0.565418, 6.59095, 1.20267
1.58587, 6.73111, 1.20279
1.69638, 5.92648, 1.20277
1.69638, 5.92648, 1.20277
1.58587, 6.73111, 1.20279
2.09782, 6.80143, 1.20285
2.11199, 5.92638, 1.20282
2.01197, 5.9264, 1.20281
2.03748, 4.35042, 1.20276
1.91517, 4.33362, 1.20275
1.69638, 5.92648, 1.20277
2.01197, 5.9264, 1.20281
2.01197, 5.9264, 1.20281
2.11199, 5.92638, 1.20282
2.13728, 4.36413, 1.20277
2.03748, 4.35042, 1.20276
2.16751, 2.49647, 1.20271
1.91517, 4.33362, 1.20275
2.03748, 4.35042, 1.20276
2.13728, 4.36413, 1.20277
2.212, 5.92636, 1.20283
2.11199, 5.92638, 1.20282
2.09782, 6.80143, 1.20285
2.19762, 6.81514, 1.20286
2.19762, 6.81514, 1.20286
3.98339, 7.06043, 1.20307
4.13922, 5.9259, 1.20305
2.212, 5.92636, 1.20283
4.13922, 5.9259, 1.20305
3.98339, 7.06043, 1.20307
6.38092, 7.38975, 1.20336
6.58206, 5.92532, 1.20333
3.98339, 7.06043, 1.20307
3.8621, 7.94355, 1.20309
3.92753, 7.94358, 1.2031
4.1474, 7.94369, 1.20312
4.79299, 7.94401, 1.2032
6.30469, 7.94475, 1.20337
6.38092, 7.38975, 1.20336
2.07935, 7.94267, 1.20289
3.8621, 7.94355, 1.20309
3.98339, 7.06043, 1.20307
2.19762, 6.81514, 1.20286
2.09782, 6.80143, 1.20285
2.09782, 6.80143, 1.20285
1.58587, 6.73111, 1.20279
1.43324, 7.84234, 1.20281
1.4195, 7.94234, 1.20281
2.07935, 7.94267, 1.20289
0.565419, 7.84191, 1.20271
0.565419, 7.94192, 1.20271
1.4195, 7.94234, 1.20281
1.43324, 7.84234, 1.20281
1.43324, 7.84234, 1.20281
1.58587, 6.73111, 1.20279
0.565418, 6.59095, 1.20267
0.565419, 7.84191, 1.20271
0.565418, 6.59095, 1.20267
0.465418, 6.57721, 1.20266
0.465418, 6.65346, 1.20266
0.465418, 6.71452, 1.20266
0.465418, 7.94187, 1.2027
0.565419, 7.94192, 1.20271
0.565419, 7.84191, 1.20271
3.807, 0.29761, -1.61556
3.807, 1.6899, -1.61556
3.907, 0.29761, -1.61556
3.907, 1.6899, -1.61556
3.90701, 1.6899, -1.61605
3.80701, 0.862746, -1.61595
3.80701, 0.309701, -1.61589
3.90701, 0.297612, -1.6159
-0.646323, -2.18611, -1.59956
-0.646323, 0.257421, -1.59956
-0.525462, -2.18611, -1.59956
-0.525462, 0.257421, -1.59956
-0.525462, -2.17684, -1.59961
-0.610747, -2.18611, -1.5996
-0.646323, -1.85879, -1.59956
-0.586752, 0.250761, -1.59934
-0.525463, 0.257421, -1.59935
-0.525463, -1.25739, -1.59951
-0.525462, -2.03591, -1.5996
-1.77223, 1.36668, -1.29162
-1.77223, 3.78728, -1.29162
-1.38754, 1.36668, -1.29162
-1.38754, 3.78728, -1.29162
-1.77223, 3.78668, -1.29162
-1.39133, 3.78728, -1.29162
-1.38754, 1.36728, -1.29162
-1.72895, 1.36675, -1.29162
-1.58488, 1.21726, -1.47153
-1.58488, 3.63745, -1.47153
3.25513, 1.21726, -1.47153
3.25513, 3.63745, -1.47153
0.83513, 1.2172, -1.47148
0.166408, 1.21722, -1.47148
-0.191791, 1.21723, -1.47148
-0.19307, 1.21723, -1.47148
-1.08605, 1.21725, -1.47147
-1.44283, 1.21726, -1.47147
-1.58488, 1.21727, -1.47147
-1.58488, 3.63759, -1.47137
0.835129, 3.63752, -1.47138
0.919128, 1.21719, -1.47148
0.83513, 1.2172, -1.47148
0.835129, 3.63752, -1.47138
0.897506, 3.63752, -1.47138
1.13911, 1.21719, -1.47148
0.919128, 1.21719, -1.47148
0.897506, 3.63752, -1.47138
1.11758, 3.63751, -1.47138
1.11758, 3.63751, -1.47138
1.43761, 3.6375, -1.47139
1.44572, 2.72461, -1.47142
1.44857, 2.40461, -1.47144
1.45913, 1.21718, -1.47149
1.13911, 1.21719, -1.47148
3.25513, 2.42055, -1.47144
3.25513, 1.21713, -1.47149
1.8892, 1.21717, -1.47149
1.45913, 1.21718, -1.47149
1.44857, 2.40461, -1.47144
1.44857, 2.40461, -1.47144
1.44572, 2.72461, -1.47142
3.25513, 2.74057, -1.47143
3.25513, 2.42055, -1.47144
1.44572, 2.72461, -1.47142
1.43761, 3.6375, -1.47139
3.25513, 3.63745, -1.47139
3.25513, 2.74057, -1.47143
1.23697, -0.562576, -1.30321
1.23697, 2.91726, -1.30321
1.6436, -0.562576, -1.30321
1.6436, 2.91726, -1.30321
1.23697, 2.91532, -1.30321
1.62628, 2.91726, -1.30321
1.63833, 0.497289, -1.30321
1.25323, 0.495372, -1.30321
1.25266, 0.579368, -1.30321
1.25119, 0.799341, -1.30321
1.24904, 1.11936, -1.30321
1.24615, 1.54941, -1.30321
1.53231, -0.448938, -1.30321
1.39265, -0.308759, -1.30321
1.25772, -0.173335, -1.30321
1.25323, 0.495372, -1.30321
1.63833, 0.497289, -1.30321
1.64304, -0.448392, -1.30321
1.64304, -0.448392, -1.30321
1.64345, -0.53054, -1.30321
1.6436, -0.560637, -1.30321
1.61379, -0.530715, -1.30321
1.53231, -0.448938, -1.30321
1.53231, -0.448938, -1.30321
1.61379, -0.530715, -1.30321
1.39378, -0.532015, -1.30321
1.39336, -0.449623, -1.30321
1.39336, -0.449623, -1.30321
1.39265, -0.308759, -1.30321
1.53231, -0.448938, -1.30321
1.39378, -0.532015, -1.30321
1.26014, -0.532805, -1.30321
1.26013, -0.531525, -1.30321
1.25772, -0.173335, -1.30321
1.39265, -0.308759, -1.30321
1.39336, -0.449623, -1.30321
3.05427, 1.06707, -1.30563
3.05427, 3.48768, -1.30563
3.44738, 1.06707, -1.30563
3.44738, 3.48768, -1.30563
3.05427, 1.06768, -1.30563
3.44358, 1.06707, -1.30563
3.44738, 3.48707, -1.30563
3.09755, 3.48762, -1.30563
3.08151, 2.59088, -1.30563
3.07579, 2.27091, -1.30563
-0.646566, -2.1857, -1.52666
-0.646566, 0.257934, -1.52666
-0.524873, -2.1857, -1.52666
-0.524873, 0.257934, -1.52666
-0.646565, 0.257935, -1.52671
-0.5844, 0.251176, -1.52671
-0.524873, -1.85921, -1.52671
-0.560376, -2.1857, -1.52671
-0.646565, -2.17633, -1.52671
-0.646565, -2.03517, -1.52671
-0.646565, -1.25844, -1.52671
-1.72626, 0.624527, -0.338516
-1.72626, 2.02584, -0.338516
-0.188774, 0.624527, -0.338516
-0.188774, 2.02584, -0.338516
-1.72169, 1.52654, -0.338516
-1.72599, 0.663668, -0.338516
-1.72614, 0.633571, -0.338516
-0.235832, 0.624763, -0.338516
-0.195833, 0.624527, -0.338516
-0.19131, 1.5175, -0.338516
-0.19131, 1.5175, -0.338516
-0.188774, 2.01809, -0.338516
-1.71921, 2.02571, -0.338516
-1.72169, 1.52654, -0.338516
-0.628686, -2.12071, -1.56451
-0.628686, 0.314005, -1.56451
-0.539242, -2.12071, -1.56451
-0.539242, 0.314005, -1.56451
-0.610227, -1.97973, -1.56451
-0.616493, -1.20124, -1.56451
-0.543684, -1.20236, -1.56451
-0.539997, -1.97908, -1.56451
-0.539997, -1.97908, -1.56451
-0.539328, -2.12023, -1.56451
-0.609092, -2.12066, -1.56451
-0.610227, -1.97973, -1.56451
-0.616493, -1.20124, -1.56451
-0.628686, 0.313525, -1.5645
-0.55088, 0.314005, -1.5645
-0.543684, -1.20236, -1.56451
1.07727, 0.242733, -1.60304
1.07727, 1.07171, -1.60304
1.3897, 0.242733, -1.60304
1.3897, 1.07171, -1.60304
1.3897, 0.673406, -1.60292
1.07727, 0.242733, -1.60288
1.07727, 1.07171, -1.60286
3.2812, -0.754642, 0.535819
3.2812, -0.706779, 0.535819
3.36125, -0.754642, 0.535819
3.36125, -0.706779, 0.535819
3.28121, -0.707341, 0.535818
3.28124, -0.754642, 0.535819
3.36124, -0.754595, 0.535818
3.36121, -0.706779, 0.535818
3.97696, -0.796522, 0.544532
3.97696, -0.654764, 0.544532
4.06218, -0.796522, 0.544532
4.06218, -0.654764, 0.544532
3.97696, -0.696516, 0.544532
3.97696, -0.654765, 0.544532
4.06218, -0.654765, 0.544532
4.06218, -0.696386, 0.544532
4.06218, -0.696386, 0.544532
4.06218, -0.796392, 0.544533
3.97696, -0.796522, 0.544532
3.97696, -0.754765, 0.544532
3.97696, -0.696516, 0.544532
3.96855, -0.794895, 0.464496
3.96855, -0.653303, 0.464496
4.11076, -0.794895, 0.464496
4.11076, -0.653303, 0.464496
3.96855, -0.753302, 0.464497
3.96855, -0.793555, 0.464497
4.11076, -0.79506, 0.464497
4.11076, -0.753303, 0.464497
3.96855, -0.693549, 0.464497
3.96855, -0.753302, 0.464497
4.11076, -0.753303, 0.464497
4.11076, -0.695055, 0.464497
4.11076, -0.695055, 0.464497
4.11076, -0.653303, 0.464497
3.96855, -0.653302, 0.464497
3.96855, -0.693549, 0.464497
3.0928, -0.790925, -0.582011
3.0928, -0.649514, -0.582011
5.08576, -0.790925, -0.582011
5.08576, -0.649514, -0.582011
3.09284, -0.749515, -0.582012
3.09281, -0.776931, -0.582012
3.55544, -0.78018, -0.582011
3.5555, -0.749783, -0.582011
3.5555, -0.749783, -0.582011
3.55566, -0.680175, -0.582012
3.55573, -0.649783, -0.582012
3.13754, -0.64954, -0.582012
3.09296, -0.649515, -0.582012
3.09284, -0.749515, -0.582012
5.08571, -0.690919, -0.582012
5.08573, -0.650672, -0.582012
3.55573, -0.649783, -0.582012
3.55566, -0.680175, -0.582012
3.55566, -0.680175, -0.582012
3.5555, -0.749783, -0.582011
5.08567, -0.750672, -0.582012
5.08571, -0.690919, -0.582012
3.5555, -0.749783, -0.582011
3.55544, -0.78018, -0.582011
5.08565, -0.790925, -0.582012
5.08567, -0.750672, -0.582012
0.964875, -1.03917, -1.12387
0.964875, -0.882211, -1.12387
1.00501, -1.03917, -1.12387
1.00501, -0.882211, -1.12387
0.965109, -0.982258, -1.12387
0.965242, -1.03906, -1.12387
1.00501, -1.03912, -1.12387
1.00501, -0.982258, -1.12387
1.00501, -0.982258, -1.12387
1.00501, -0.882258, -1.12387
0.964875, -0.882258, -1.12387
0.965008, -0.939053, -1.12387
0.965109, -0.982258, -1.12387
0.445925, -1.04434, -0.544892
0.445925, -0.879584, -0.544892
1.57632, -1.04434, -0.544892
1.57632, -0.879584, -0.544892
1.57626, -0.943556, -0.544892
1.57622, -0.879584, -0.544892
0.44593, -0.8875, -0.544892
0.446056, -0.944213, -0.544892
1.57628, -0.97959, -0.544892
1.57626, -0.943556, -0.544892
0.446056, -0.944213, -0.544892
0.446153, -0.987505, -0.544892
0.446153, -0.987505, -0.544892
0.446279, -1.04421, -0.544892
0.516298, -1.04417, -0.544892
1.57632, -1.04356, -0.544892
1.57628, -0.97959, -0.544892
1.47818, -0.842667, -1.66023
1.47818, -0.681178, -1.66023
1.57885, -0.842667, -1.66023
1.57885, -0.681178, -1.66023
1.47832, -0.807221, -1.6602
1.48854, -0.807101, -1.6602
1.57833, -0.806051, -1.6602
1.57818, -0.842192, -1.6602
1.47818, -0.842251, -1.6602
1.48878, -0.681219, -1.6602
1.57885, -0.681595, -1.6602
1.57833, -0.806051, -1.6602
1.48854, -0.807101, -1.6602
0.915968, -1.04779, 0.0603321
0.915968, -0.882485, 0.0603321
1.02946, -1.04779, 0.0603321
1.02946, -0.882485, 0.0603321
1.02946, -0.946584, 0.0603319
1.02946, -0.882617, 0.0603318
0.915968, -0.882617, 0.0603318
0.915968, -0.947784, 0.0603318
0.915968, -0.947784, 0.0603318
0.915968, -1.04779, 0.0603318
1.02946, -1.04659, 0.060332
1.02946, -0.982617, 0.0603318
1.02946, -0.946584, 0.0603319
0.893587, -1.04606, 0.300257
0.893587, -0.879353, 0.300257
1.13369, -1.04606, 0.300257
1.13369, -0.879353, 0.300257
1.13363, -0.945894, 0.300258
1.13359, -0.879353, 0.300258
0.893588, -0.881034, 0.300258
0.893625, -0.946034, 0.300258
1.13365, -0.979359, 0.300258
1.13363, -0.945894, 0.300258
0.893625, -0.946034, 0.300258
0.893646, -0.98104, 0.300257
0.893646, -0.98104, 0.300257
0.893683, -1.04603, 0.300257
1.13369, -1.04589, 0.300258
1.13365, -0.979359, 0.300258
0.916145, -1.04787, 0.140332
0.916145, -0.88243, 0.140332
1.02975, -1.04787, 0.140332
1.02975, -0.88243, 0.140332
1.02975, -0.947728, 0.140332
1.02975, -0.882562, 0.140332
0.916145, -0.882562, 0.140332
0.916145, -0.947556, 0.140332
0.916145, -0.947556, 0.140332
0.916145, -0.982562, 0.140332
0.916145, -1.04756, 0.140332
1.02975, -1.04773, 0.140332
1.02975, -0.947728, 0.140332
1.03145, -1.09707, 0.520067
1.03145, -0.813055, 0.520067
1.19799, -1.09707, 0.520067
1.19799, -0.813055, 0.520067
1.09799, -0.813054, 0.520067
1.03188, -0.813055, 0.520067
1.03145, -1.09707, 0.520067
1.09799, -1.09707, 0.520067
1.13188, -0.813054, 0.520067
1.09799, -0.813054, 0.520067
1.09799, -1.09707, 0.520067
1.13145, -1.09707, 0.520067
1.13145, -1.09707, 0.520067
1.19799, -1.09707, 0.520067
1.19799, -0.813054, 0.520067
1.13188, -0.813054, 0.520067
1.21319, -0.970306, 0.618301
1.21319, -0.804196, 0.618301
2.82486, -0.970306, 0.618301
2.82486, -0.804196, 0.618301
1.21319, -0.904198, 0.618264
1.21319, -0.956576, 0.618263
2.76396, -0.969786, 0.618262
2.82486, -0.970305, 0.618262
2.82486, -0.904195, 0.618264
2.82486, -0.904195, 0.618264
2.82486, -0.870299, 0.618265
2.82486, -0.804196, 0.618267
1.21319, -0.804198, 0.618267
1.21319, -0.85657, 0.618266
1.21319, -0.904198, 0.618264
2.28051, -0.897255, 0.0767914
2.28051, -0.744131, 0.0767914
3.36062, -0.897255, 0.0767914
3.36062, -0.744131, 0.0767914
2.28054, -0.84425, 0.0767911
2.28052, -0.889692, 0.0767911
3.36053, -0.897255, 0.076791
3.36056, -0.844878, 0.076791
2.28057, -0.789686, 0.0767909
2.28054, -0.84425, 0.0767911
3.36056, -0.844878, 0.076791
3.36058, -0.79725, 0.0767907
3.36058, -0.79725, 0.0767907
3.36061, -0.744878, 0.0767907
2.2806, -0.74425, 0.0767909
2.28057, -0.789686, 0.0767909
2.80208, -0.887282, -0.503292
2.80208, -0.741973, -0.503292
2.91557, -0.887282, -0.503292
2.91557, -0.741973, -0.503292
2.91557, -0.787409, -0.503292
2.91557, -0.741973, -0.503292
2.80208, -0.741973, -0.503292
2.80208, -0.786208, -0.503292
2.80208, -0.786208, -0.503292
2.80208, -0.886214, -0.503292
2.91557, -0.887415, -0.503292
2.91557, -0.841973, -0.503292
2.91557, -0.787409, -0.503292
2.61289, -0.883605, -0.828476
2.61289, -0.738969, -0.828476
3.18318, -0.883605, -0.828476
3.18318, -0.738969, -0.828476
2.6132, -0.739032, -0.828477
2.61289, -0.879611, -0.828477
3.1831, -0.883604, -0.828476
3.18316, -0.783599, -0.828476
3.18318, -0.739363, -0.828476
2.68319, -0.739073, -0.828476
-2.43566, 0.815423, -0.337296
-2.43566, 1.37005, -0.337296
-0.904343, 0.815423, -0.337296
-0.904343, 1.37005, -0.337296
-0.905596, 1.37004, -0.337296
-0.904343, 0.817826, -0.337296
-2.43479, 0.815423, -0.337296
-2.43566, 1.36656, -0.337296
-0.281226, 0.802387, -1.10533
-0.281226, 1.28606, -1.10533
-0.251003, 0.802387, -1.10533
-0.251003, 1.28606, -1.10533
-0.251003, 0.802387, -1.10533
-0.281226, 0.802387, -1.10533
-0.280883, 1.28606, -1.10533
-0.251003, 1.28245, -1.10533
-0.28744, 0.802391, -1.12016
-0.28744, 1.28609, -1.12016
-0.244875, 0.802391, -1.12016
-0.244875, 1.28609, -1.12016
-0.28744, 0.802412, -1.12016
-0.244875, 0.802412, -1.12016
-0.245358, 1.28609, -1.12016
-0.287439, 1.28246, -1.12016
-0.252056, 0.803931, -1.49266
-0.252056, 1.28383, -1.49266
-0.250778, 0.803931, -1.49266
-0.250778, 1.28383, -1.49266
-0.25078, 0.903943, -1.49269
-0.250785, 1.28383, -1.49271
-0.252056, 1.28367, -1.49271
-0.252056, 0.903943, -1.49269
-0.252056, 0.903943, -1.49269
-0.252056, 0.803931, -1.49269
-0.250778, 0.803931, -1.49269
-0.25078, 0.903943, -1.49269
-0.994424, 0.799888, -0.360202
-0.994424, 1.28421, -0.360202
0.496942, 0.799888, -0.360202
0.496942, 1.28421, -0.360202
0.496942, 1.28083, -0.360202
-0.993387, 1.28421, -0.360202
-0.994422, 0.80415, -0.360202
0.495567, 0.799889, -0.360202
-1.67201, 0.801237, -1.10308
-1.67201, 1.35237, -1.10308
-1.11435, 0.801237, -1.10308
-1.11435, 1.35237, -1.10308
-1.67201, 0.801238, -1.10308
-1.67201, 1.35237, -1.10308
-1.17283, 1.35237, -1.10308
-1.11435, 0.868655, -1.10308
-1.67554, 0.712067, -1.48921
-1.67554, 1.36375, -1.48921
-1.4678, 0.712067, -1.48921
-1.4678, 1.36375, -1.48921
-1.4678, 0.812814, -1.48924
-1.4678, 1.36375, -1.48927
-1.60985, 1.36374, -1.48927
-1.66511, 0.836665, -1.48924
-1.66511, 0.836665, -1.48924
-1.67554, 0.737185, -1.48924
-1.4678, 0.712073, -1.48924
-1.4678, 0.812814, -1.48924
-1.15474, 0.751447, -1.11862
-1.15474, 1.33875, -1.11862
-1.12347, 0.751447, -1.11862
-1.12347, 1.33875, -1.11862
-1.15306, 0.751449, -1.11862
-1.12347, 0.751516, -1.11862
-1.12453, 1.23875, -1.11862
-1.12474, 1.33875, -1.11862
-1.15474, 1.33867, -1.11862
-1.5742, 0.741573, -1.30887
-1.5742, 1.36563, -1.30887
-1.06098, 0.741573, -1.30887
-1.06098, 1.36563, -1.30887
-1.06098, 1.36563, -1.30887
-1.5611, 1.33417, -1.30887
-1.5742, 0.747092, -1.30887
-1.06098, 0.735643, -1.30887
-1.06098, 0.835668, -1.30887
-0.323134, 0.803593, -1.4258
-0.323134, 1.28394, -1.4258
-0.180581, 0.803593, -1.4258
-0.180581, 1.28394, -1.4258
-0.180581, 1.28352, -1.4258
-0.314226, 1.28383, -1.4258
-0.321277, 0.904009, -1.4258
-0.323134, 0.804013, -1.4258
-0.181954, 0.80361, -1.4258
-1.25762, -1.04797, 0.145877
-1.25762, -1.01382, 0.145877
-1.21737, -1.04797, 0.145877
-1.21737, -1.01382, 0.145877
-1.21737, -1.01382, 0.145877
-1.21737, -1.04684, 0.145876
-1.25762, -1.04797, 0.145877
-1.25762, -1.01382, 0.145877
-1.38953, -1.02103, -0.307906
-1.38953, -0.999034, -0.307906
-0.219912, -1.02103, -0.307906
-0.219912, -0.999034, -0.307906
-1.38953, -0.999034, -0.307906
-0.219912, -1.0316, -0.307906
-0.219912, -0.999034, -0.307906
-1.21805, -1.01878, 0.144727
-1.21805, -0.985767, 0.144727
-0.0475772, -1.01878, 0.144727
-0.0475772, -0.985767, 0.144727
-0.0475772, -0.985769, 0.144727
-1.21805, -1.01878, 0.144726
-1.21805, -0.985768, 0.144727
3.0791, -0.874132, -0.335952
3.0791, -0.669152, -0.335952
3.1791, -0.874132, -0.335952
3.1791, -0.669152, -0.335952
3.0791, -0.874132, -0.335952
3.13536, -0.863247, -0.335952
3.1791, -0.854786, -0.335951
3.1791, -0.669152, -0.335951
3.0791, -0.669152, -0.335951
-1.40777, -1.86457, 0.687274
-1.40777, 0.0274374, 0.687274
-0.308438, -1.86457, 0.687274
-0.308438, 0.0274374, 0.687274
-1.2856, -1.77014, 0.687272
-1.40539, -1.7221, 0.687272
-1.39948, -0.552802, 0.687275
-1.27945, -0.553722, 0.687275
-0.860255, 0.0229841, 0.687277
-0.308438, 0.0202546, 0.687276
-0.315693, -1.1226, 0.687274
-1.06237, -1.85967, 0.687272
-1.2856, -1.77014, 0.687272
-1.27945, -0.553722, 0.687275
-1.27863, -0.392679, 0.687276
2.32101, -0.897831, 0.40492
2.32101, -0.744258, 0.40492
3.9477, -0.897831, 0.404921
3.9477, -0.744258, 0.404921
2.50601, -0.745171, 0.404912
2.3217, -0.744259, 0.404912
2.46533, -0.890503, 0.404911
2.50533, -0.890644, 0.404911
3.34599, -0.749326, 0.404912
2.50601, -0.745171, 0.404912
2.50533, -0.890644, 0.404911
3.10531, -0.892756, 0.404912
3.94679, -0.895718, 0.404911
3.9477, -0.752302, 0.404912
-1.81371, -1.03899, 0.250926
-1.81371, -0.938067, 0.250926
-1.78207, -1.03899, 0.250926
-1.78207, -0.938067, 0.250926
-1.78209, -0.938411, 0.250926
-1.78321, -1.03899, 0.250926
-1.81371, -1.03865, 0.250926
-1.80177, -0.938189, 0.250926
-1.56164, -1.26703, 0.265625
-1.56164, -0.683115, 0.265625
-1.46164, -1.26703, 0.265625
-1.46164, -0.683115, 0.265625
-1.56164, -1.26703, 0.26562
-1.46164, -1.25616, 0.265621
-1.46164, -0.844096, 0.265621
-1.50047, -0.844096, 0.26562
-1.56164, -0.844096, 0.26562
-1.50047, -0.844096, 0.26562
-1.46164, -0.844096, 0.265621
-1.46164, -0.683115, 0.265621
-1.49593, -0.683115, 0.26562
1.11278, -0.257444, -1.65385
1.11278, 1.03299, -1.65385
1.21678, -0.257444, -1.65385
1.21678, 1.03299, -1.65385
1.11677, -0.257112, -1.65385
1.21295, -0.256196, -1.65385
1.21535, 0.20324, -1.65385
1.21279, 1.03221, -1.65385
1.11278, 1.03299, -1.65385
1.11535, 0.202564, -1.65385
1.13639, 0.327941, -1.65245
1.13639, 1.24785, -1.65245
1.24373, 0.327941, -1.65245
1.24373, 1.24785, -1.65245
1.13639, 0.328735, -1.65245
1.2364, 0.329502, -1.65245
1.24045, 0.835705, -1.65245
1.23813, 1.2471, -1.65245
1.14373, 1.24755, -1.65245
1.14044, 0.83583, -1.65245
0.693882, -0.0447996, -1.70191
0.693882, 1.24531, -1.70191
1.26097, -0.0447996, -1.70191
1.26097, 1.24531, -1.70191
0.947991, 0.846306, -1.70203
1.26097, 1.24531, -1.70208
1.26097, 0.41488, -1.70206
1.26097, 0.41488, -1.70206
1.26097, -0.0447978, -1.70205
1.00639, 0.209803, -1.70202
0.693883, 0.522348, -1.70199
0.947991, 0.846306, -1.70203
2.46151, -0.816217, 0.476804
2.46151, -0.715357, 0.476804
3.94307, -0.816217, 0.476804
3.94307, -0.715357, 0.476804
2.46153, -0.716217, 0.476804
2.46158, -0.816217, 0.476804
2.50158, -0.816194, 0.476805
2.50153, -0.716194, 0.476804
2.50153, -0.716194, 0.476804
2.50158, -0.816194, 0.476805
3.10158, -0.815846, 0.476804
3.10155, -0.768285, 0.476804
3.10152, -0.715846, 0.476804
3.94284, -0.762377, 0.476804
3.94299, -0.715357, 0.476804
3.10152, -0.715846, 0.476804
3.10155, -0.768285, 0.476804
3.0057, -0.858542, 0.896594
3.0057, -0.754031, 0.896594
3.64854, -0.858542, 0.896594
3.64854, -0.754031, 0.896594
3.64751, -0.758533, 0.896594
3.64783, -0.858542, 0.896594
3.00635, -0.854037, 0.896594
3.00641, -0.754031, 0.896594
1.32774, -0.763066, -1.65572
1.32774, 1.16794, -1.65572
1.43372, -0.763066, -1.65572
1.43372, 1.16794, -1.65572
1.32774, -0.762325, -1.65572
1.32982, -0.0903887, -1.65572
1.42982, -0.0906984, -1.65572
1.42774, -0.763008, -1.65572
1.33372, 1.16775, -1.65572
1.43079, 1.16794, -1.65572
1.43263, 0.815427, -1.65572
1.42982, -0.0906984, -1.65572
1.32982, -0.0903887, -1.65572
-2.17227, 0.548926, -0.338275
-2.17227, 1.11933, -0.338275
-0.639545, 0.548926, -0.338275
-0.639545, 1.11933, -0.338275
-2.16959, 0.548926, -0.338279
-0.639545, 0.556071, -0.338279
-0.642224, 1.11933, -0.338277
-2.17227, 1.11064, -0.338277
2.68406, -0.809312, -1.66666
2.68406, -0.691734, -1.66666
2.785, -0.809312, -1.66666
2.785, -0.691734, -1.66666
2.68437, -0.731699, -1.66665
2.78406, -0.691733, -1.66665
2.785, -0.808363, -1.66665
2.68488, -0.794655, -1.66665
1.69992, -1.63066, -1.6612
1.69992, 0.239686, -1.6612
1.8159, -1.63066, -1.6612
1.8159, 0.239686, -1.6612
1.69992, 0.238831, -1.66118
1.80004, 0.225088, -1.66118
1.80846, -0.759928, -1.66118
1.70846, -0.760783, -1.66118
1.70846, -0.760783, -1.66118
1.80846, -0.759928, -1.66118
1.80983, -0.919925, -1.66118
1.71977, -0.920695, -1.66118
1.70983, -0.920779, -1.66118
1.70983, -0.920779, -1.66118
1.71977, -0.920695, -1.66118
1.7159, -1.63066, -1.66119
1.04564, -1.29687, -1.70785
1.04564, -0.39409, -1.70785
1.10561, -1.29687, -1.70785
1.10561, -0.39409, -1.70785
1.10561, -1.29687, -1.70807
1.04564, -1.28863, -1.70807
1.04981, -1.14096, -1.70809
1.0709, -0.39409, -1.70817
1.10561, -0.398856, -1.70817
1.10561, -0.400112, -1.70817
0.703824, -0.919045, -1.70613
0.703824, -0.771297, -1.70613
0.706674, -0.919045, -1.70613
0.706674, -0.771297, -1.70613
0.704654, -0.771297, -1.70613
0.705844, -0.919024, -1.70613
0.703824, -0.919036, -1.70613
0.733258, -0.721744, -1.70641
0.733258, -0.541981, -1.70641
0.736669, -0.721744, -1.70641
0.736669, -0.541981, -1.70641
0.736669, -0.541994, -1.70641
0.734153, -0.541982, -1.70641
0.735132, -0.721741, -1.70641
0.637495, -0.876368, -1.704
0.637495, -0.653615, -1.704
1.52723, -0.876368, -1.704
1.52723, -0.653615, -1.704
0.784369, -0.860379, -1.70391
0.637495, -0.876368, -1.70392
0.637496, -0.653618, -1.70392
0.817257, -0.65362, -1.7039
0.817257, -0.65362, -1.7039
1.52723, -0.653627, -1.70386
1.52723, -0.77951, -1.70386
0.784369, -0.860379, -1.70391
2.85761, -0.894507, -1.66755
2.85761, -0.58269, -1.66755
2.96007, -0.894507, -1.66755
2.96007, -0.58269, -1.66755
2.85761, -0.583508, -1.66754
2.95761, -0.583013, -1.66754
2.95976, -0.854527, -1.66754
2.86007, -0.894507, -1.66754
2.58025, 0.340473, -1.65988
2.58025, 1.40414, -1.65988
2.68874, 0.340473, -1.65988
2.68874, 1.40414, -1.65988
2.58025, 0.341267, -1.65989
2.68025, 0.3408, -1.65989
2.68874, 1.40305, -1.65988
2.58874, 1.40414, -1.65988
-1.87842, -1.04054, 0.271616
-1.87842, -0.938869, 0.271616
-1.77842, -1.04054, 0.271616
-1.77842, -0.938869, 0.271616
-1.87841, -1.03874, 0.271616
-1.77842, -1.03874, 0.271616
-1.77842, -0.938869, 0.271616
-1.87841, -0.9542, 0.271616
-1.22269, -0.918886, 0.14356
-1.22269, -0.885921, 0.14356
-0.0538459, -0.918886, 0.14356
-0.0538459, -0.885921, 0.14356
-0.0538458, -0.918887, 0.143561
-0.0538456, -0.885921, 0.143561
-1.22269, -0.88592, 0.143561
-1.28197, -0.947208, 0.204683
-1.28197, -0.91165, 0.204683
-1.16158, -0.947208, 0.204683
-1.16158, -0.91165, 0.204683
-1.16158, -0.945943, 0.204682
-1.16195, -0.91165, 0.204682
-1.28197, -0.912935, 0.204682
-1.28162, -0.945899, 0.204682
-1.78527, 0.461764, -0.624558
-1.78527, 1.28988, -0.624558
0.332096, 0.461764, -0.624558
0.332096, 1.28988, -0.624558
-0.95471, 1.26346, -0.616253
-0.95629, 0.942857, -0.619636
-1.27628, 0.94452, -0.616633
-1.27489, 1.22504, -0.613673
-1.2347, 1.26491, -0.613625
-0.634723, 1.26179, -0.619256
-0.636303, 0.941195, -0.622639
-0.95629, 0.942857, -0.619636
-0.95471, 1.26346, -0.616253
-0.314735, 1.26013, -0.622259
-0.316316, 0.939533, -0.625642
-0.636303, 0.941195, -0.622639
-0.634723, 1.26179, -0.619256
-0.114743, 1.25909, -0.624135
0.00465924, 1.13825, -0.62653
0.00367153, 0.937871, -0.628645
-0.316316, 0.939533, -0.625642
-0.314735, 1.26013, -0.622259
0.285241, 1.25702, -0.627889
0.325042, 1.21673, -0.628688
0.323659, 0.936209, -0.631648
0.00367153, 0.937871, -0.628645
0.00465924, 1.13825, -0.62653
0.125247, 1.25785, -0.626388
0.00367153, 0.937871, -0.628645
0.00209123, 0.617272, -0.632029
-0.197901, 0.618311, -0.630152
-0.196716, 0.85876, -0.627614
-0.116324, 0.938495, -0.627519
0.323659, 0.936209, -0.631648
0.322078, 0.61561, -0.635032
0.00209123, 0.617272, -0.632029
0.00367153, 0.937871, -0.628645
0.322078, 0.61561, -0.635032
0.321486, 0.495385, -0.6363
0.00149858, 0.497047, -0.633297
0.00209123, 0.617272, -0.632029
-1.49509, 1.18607, -0.612741
-1.45529, 1.14579, -0.613664
-1.45629, 0.945158, -0.620667
-1.77631, 0.946468, -0.624491
-1.7755, 1.10697, -0.618888
-1.6951, 1.18689, -0.615131
-1.17487, 1.22489, -0.607516
-1.17628, 0.944013, -0.617321
-1.45629, 0.945158, -0.620667
-1.45489, 1.22604, -0.610862
-1.45629, 0.945158, -0.620667
-1.4579, 0.624155, -0.631873
-1.77792, 0.625464, -0.635697
-1.77631, 0.946468, -0.624491
-1.17628, 0.944013, -0.617321
-1.17648, 0.903888, -0.618722
-1.4177, 0.664117, -0.629995
-1.4577, 0.66428, -0.630473
-1.45629, 0.945158, -0.620667
-1.4579, 0.624155, -0.631873
-1.61872, 0.464307, -0.639388
-1.69872, 0.464635, -0.640344
-1.77832, 0.545213, -0.638498
-1.77792, 0.625464, -0.635697
-0.0732642, 0.631339, -0.217799
-0.0732642, 1.0802, -0.217799
1.85425, 0.631339, -0.217799
1.85425, 1.0802, -0.217799
0.251521, 1.07876, -0.2178
0.249942, 0.758622, -0.2178
-0.0700864, 0.760068, -0.2178
-0.0685075, 1.0802, -0.2178
0.57155, 1.07731, -0.2178
0.570563, 0.877225, -0.2178
0.44996, 0.757717, -0.2178
0.249942, 0.758622, -0.2178
0.251521, 1.07876, -0.2178
0.891578, 1.07586, -0.217799
0.89, 0.755728, -0.217799
0.689982, 0.756633, -0.2178
0.570563, 0.877225, -0.2178
0.57155, 1.07731, -0.2178
1.21161, 1.07442, -0.217799
1.21003, 0.754282, -0.217799
0.89, 0.755728, -0.217799
0.891578, 1.07586, -0.217799
1.49163, 1.07315, -0.217799
1.53144, 1.03295, -0.217799
1.53006, 0.752835, -0.217799
1.21003, 0.754282, -0.217799
1.21161, 1.07442, -0.217799
1.73146, 1.03205, -0.217799
1.85088, 0.911455, -0.217799
1.85009, 0.751389, -0.217799
1.53006, 0.752835, -0.217799
1.53144, 1.03295, -0.217799
1.21003, 0.754282, -0.217799
1.20944, 0.634232, -0.2178
0.889408, 0.635678, -0.2178
0.89, 0.755728, -0.217799
1.53006, 0.752835, -0.217799
1.52946, 0.632785, -0.217799
1.20944, 0.634232, -0.2178
1.21003, 0.754282, -0.217799
1.85009, 0.751389, -0.217799
1.84949, 0.631339, -0.217799
1.52946, 0.632785, -0.217799
1.53006, 0.752835, -0.217799
-0.7207, -1.02687, 0.0422609
-0.7207, -0.779716, 0.0422609
0.440995, -1.02687, 0.042261
0.440995, -0.779716, 0.042261
-0.399097, -0.781531, 0.0422611
-0.400319, -1.02211, 0.0422611
-0.720326, -1.0203, 0.0422613
-0.719308, -0.819812, 0.0422613
-0.679103, -0.779942, 0.0422613
-0.0790905, -0.783346, 0.042261
-0.0797012, -0.903636, 0.042261
-0.200314, -1.02325, 0.0422611
-0.400319, -1.02211, 0.0422611
-0.399097, -0.781531, 0.0422611
0.240916, -0.785162, 0.0422609
0.240306, -0.905452, 0.0422609
-0.0797012, -0.903636, 0.042261
-0.0790905, -0.783346, 0.042261
0.40092, -0.78607, 0.0422608
0.440717, -0.826393, 0.0422608
0.360308, -0.906132, 0.0422608
0.240306, -0.905452, 0.0422609
0.240916, -0.785162, 0.0422609
