6
6
6
6
6
15
6
9
6
6
6
27
6
21
6
6
6
12
6
6
6
6
6
9
6
9
6
6
6
18
6
6
6
36
6
9
6
6
6
6
6
9
6
12
6
21
6
24
6
6
6
27
6
6
6
6
6
6
6
9
6
12
6
9
6
6
6
12
6
12
6
6
6
9
6
27
6
12
6
9
6
6
6
12
6
27
6
36
6
9
6
57
6
15
6
27
6
9
6
6
6
12
6
12
6
162
6
6
6
12
6
6
6
837
6
27
6
12
6
24
6
51
6
6
6
6
6
21
6
18
6
12
6
12
6
6
6
6
6
6
6
6
6
12
6
24
6
2340
6
6
6
222
6
15
6
39
6
18
6
12
6
3
6
30
6
9
6
6
6
6
6
24
6
12
6
15
6
6
6
9
6
6
6
75
6
81
6
6
6
12
6
6
6
6
6
6
6
6
6
39
6
9
6
6
6
15
6
12
6
6
6
6
6
6
6
6
6
12
6
18
6
6
6
870
6
9
6
6
6
6
6
6
6
27
6
6
6
6
6
12
6
6
6
9
6
12
6
12
6
3
6
12
6
12
6
12
6
6
6
27
6
15
6
21
6
12
6
3
6
15
6
33
6
27
6
60
6
12
6
63
6
48
6
6
6
6
6
6
6
6
6
9
6
21
6
6
6
6
6
24
6
12
6
24
6
9
6
9
6
33
6
30
6
18
6
12
6
3
6
6
6
12
6
9
6
6
6
21
6
6
6
6
6
12
6
3
6
45
6
6
6
6
6
9
6
6
6
6
6
9
6
6
6
3321
6
21
6
6
6
66
6
12
6
18
6
6
6
6
6
12
6
9
6
27
6
24
6
6
6
6
6
6
6
24
6
1263
6
12
6
6
6
6
6
15
6
6
6
6
6
15
6
15
6
9
6
6
6
12
6
6
6
6
6
9
6
9
6
24
6
12
6
6
6
27
6
9
6
6
6
6
6
24
6
15
6
18
6
30
6
6
6
21
6
6
6
6
6
12
6
6
6
6
6
12
6
465
6
12
6
6
6
27
6
18
6
51
6
132
6
6
6
18
6
6
6
6
6
21
6
48
6
9
6
39
6
3
6
6
6
21
6
9
6
6
6
12
6
6
6
30
6
42
6
6
6
93
6
6
6
6
6
6
6
6
6
9
6
9
6
9
6
27
6
6
6
51
6
6
6
18
6
6
6
6
6
6
6
6
6
57
6
9
6
39
6
12
6
9
6
48
6
12
6
9
6
6
6
6
6
18
6
3
6
6
6
12
6
21
6
39
6
21
6
24
6
6
6
24
6
15
6
12
6
12
6
18
6
15
6
9
6
15
6
21
6
3
6
15
6
9
6
105
6
6
6
9
6
6
6
6
6
12
6
6
6
6
6
6
6
6
6
6
6
15
6
6
6
12
6
9
6
6
6
9
6
21
6
81
6
144
6
12
6
33
6
135
6
15
6
24
6
75
6
12
6
45
6
6
6
18
6
15
6
1560
6
3
6
6
6
600
6
39
6
12
6
477
6
12
6
396
6
3
6
12
6
15
6
336
6
627
6
168
6
6
6
1050
6
42
6
45
6
78
6
204
6
27
6
198
6
75
6
69
6
486
6
12
6
42
6
6
6
969
6
27
6
30
6
105
6
6
6
24
6
42
6
36
6
33
6
78
6
66
6
63
6
3
6
12
6
81
6
9
6
12
6
6
6
12
6
48
6
12
6
9
6
18
6
24
6
12
6
9
6
12
6
9
6
72
6
6
6
12
6
84
6
18
6
12
6
6
6
132
6
66
6
27
6
12
6
27
6
12
6
6
6
12
6
15
6
6
6
18
6
6
6
18
6
18
6
9
6
6
6
18
6
12
6
54
6
9
6
15
6
24
6
6
6
30
6
9
6
6
6
6
6
15
6
6
6
6
6
6
6
12
6
9
6
6
6
6
6
6
6
63
6
12
6
12
6
15
6
9
6
15
6
6
6
6
6
12
6
9
6
3
6
12
6
9
6
42
6
21
6
6
6
6
6
12
6
6
6
9
6
6
6
6
6
6
6
12
6
6
6
12
6
12
6
6
6
12
6
9
6
6
6
6
6
12
6
6
6
12
6
15
6
6
6
6
6
6
6
12
6
6
6
6
6
9
6
9
6
6
6
6
6
6
6
6
6
9
6
6
6
12
6
9
6
9
6
6
6
6
6
12
6
3
6
6
6
36
6
15
6
9
6
6
6
6
6
15
6
12
6
12
6
6
6
6
6
27
6
12
6
21
6
9
6
6
6
12
6
6
6
6
6
6
6
12
6
9
6
18
6
6
6
21
6
6
6
6
6
3
6
9
6
12
6
6
6
9
6
15
6
9
6
12
6
15
6
9
6
15
6
3
6
60
6
60
6
24
6
30
6
18
6
9
6
18
6
15
6
21
6
12
6
12
6
6
6
6
6
9
6
6
6
9
6
6
6
27
6
6
6
6
6
6
6
6
6
6
6
12
6
6
6
3
6
9
6
6
6
15
6
6
6
27
6
12
6
6
6
6
6
15
6
12
6
30
6
6
6
6
6
6
6
6
6
9
6
42
6
6
6
15
6
6
6
33
6
18
6
21
6
18
6
6
6
66
6
6
6
15
6
6
6
12
6
12
6
12
6
27
6
18
6
12
6
6
6
12
6
6
6
21
6
21
6
6
6
15
6
6
6
27
6
27
6
6
6
12
6
12
6
6
6
33
6
6
6
9
6
9
6
6
6
6
6
6
6
6
6
6
6
6
6
9
6
9
6
6
6
9
6
21
6
6
6
15
6
6
6
12
6
6
6
6
6
42
6
6
6
6
6
6
6
6
6
6
6
6
6
51
6
6
6
33
6
6
6
12
6
15
6
9
6
24
6
9
6
9
6
3
6
21
6
9
6
6
6
6
6
6
6
6
6
12
6
402
6
30
6
36
6
36
6
39
6
30
6
45
6
24
