1
3
0
3
2
0
0
1
2
0
2
3
4
5
6
4
6
7
4
7
8
9
10
11
9
11
12
9
12
13
9
13
14
15
16
17
15
17
18
1
3
0
3
2
0
2
1
0
3
2
0
1
3
0
3
2
0
2
1
0
3
2
0
1
3
0
3
2
0
0
1
2
0
2
3
1
3
0
3
2
0
0
1
2
0
2
3
4
5
6
4
6
7
1
3
0
3
2
0
0
1
2
0
2
3
0
3
4
0
4
5
0
5
6
0
6
7
0
7
8
9
10
11
12
13
14
12
14
15
16
17
18
16
18
19
16
19
20
16
20
21
16
21
22
23
24
25
23
25
26
27
28
29
27
29
30
31
32
33
31
33
34
35
36
37
35
37
38
35
38
39
35
39
40
35
40
41
1
3
0
3
2
0
0
1
2
0
2
3
1
3
0
3
2
0
2
1
0
3
2
0
6
5
4
7
6
4
10
9
8
11
10
8
12
11
8
15
14
13
16
15
13
1
3
0
3
2
0
2
1
0
3
2
0
6
5
4
7
6
4
8
7
4
9
8
4
1
3
0
3
2
0
0
1
2
0
2
3
4
5
6
4
6
7
1
3
0
3
2
0
2
1
0
3
2
0
4
3
0
7
6
5
8
7
5
11
10
9
12
11
9
15
14
13
16
15
13
19
18
17
20
19
17
23
22
21
24
23
21
27
26
25
28
27
25
31
30
29
32
31
29
1
3
0
3
2
0
0
1
2
0
2
3
4
5
6
4
6
7
1
3
0
3
2
0
0
1
2
0
2
3
0
3
4
5
6
7
5
7
8
9
10
11
9
11
12
1
3
0
3
2
0
2
1
0
5
4
3
6
5
3
7
6
3
10
9
8
11
10
8
1
3
0
3
2
0
0
1
2
0
2
3
0
3
4
0
4
5
1
3
0
3
2
0
0
1
2
0
2
3
4
5
6
4
6
7
1
3
0
3
2
0
0
1
2
0
2
3
4
5
6
4
6
7
8
9
10
8
10
11
1
3
0
3
2
0
0
1
2
0
2
3
1
3
0
3
2
0
2
1
0
5
4
3
6
5
3
7
6
3
10
9
8
11
10
8
12
11
8
13
12
8
16
15
14
17
16
14
20
19
18
21
20
18
22
21
18
25
24
23
26
25
23
29
28
27
30
29
27
33
32
31
34
33
31
35
34
31
38
37
36
39
38
36
40
39
36
41
40
36
42
41
36
43
42
36
46
45
44
47
46
44
48
47
44
49
48
44
50
49
44
53
52
51
54
53
51
55
54
51
56
55
51
57
56
51
58
57
51
59
58
51
60
59
51
63
62
61
64
63
61
67
66
65
70
69
68
71
70
68
72
71
68
73
72
68
74
73
68
75
74
68
76
75
68
79
78
77
80
79
77
81
80
77
82
81
77
83
82
77
84
83
77
85
84
77
86
85
77
87
86
77
88
87
77
91
90
89
92
91
89
95
94
93
96
95
93
97
96
93
100
99
98
103
102
101
104
103
101
105
104
101
106
105
101
107
106
101
108
107
101
109
108
101
112
111
110
113
112
110
114
113
110
115
114
110
118
117
116
119
118
116
122
121
120
123
122
120
126
125
124
127
126
124
128
127
124
129
128
124
130
129
124
133
132
131
134
133
131
135
134
131
136
135
131
137
136
131
140
139
138
141
140
138
142
141
138
145
144
143
146
145
143
147
146
143
148
147
143
149
148
143
152
151
150
155
154
153
156
155
153
157
156
153
160
159
158
161
160
158
162
161
158
165
164
163
166
165
163
167
166
163
168
167
163
171
170
169
172
171
169
173
172
169
176
175
174
179
178
177
180
179
177
181
180
177
182
181
177
185
184
183
186
185
183
187
186
183
190
189
188
191
190
188
194
193
192
195
194
192
198
197
196
199
198
196
200
199
196
203
202
201
204
203
201
207
206
205
208
207
205
209
208
205
210
209
205
211
210
205
214
213
212
215
214
212
218
217
216
219
218
216
220
219
216
223
222
221
224
223
221
225
224
221
226
225
221
227
226
221
228
227
221
231
230
229
232
231
229
233
232
229
234
233
229
237
236
235
238
237
235
241
240
239
244
243
242
245
244
242
246
245
242
249
248
247
250
249
247
251
250
247
252
251
247
253
252
247
256
255
254
259
258
257
260
259
257
263
262
261
264
263
261
265
264
261
268
267
266
269
268
266
272
271
270
273
272
270
276
275
274
277
276
274
278
277
274
279
278
274
282
281
280
283
282
280
286
285
284
287
286
284
288
287
284
289
288
284
290
289
284
291
290
284
292
291
284
293
292
284
294
293
284
295
294
284
298
297
296
299
298
296
302
301
300
303
302
300
306
305
304
307
306
304
308
307
304
309
308
304
312
311
310
313
312
310
314
313
310
315
314
310
318
317
316
319
318
316
320
319
316
321
320
316
322
321
316
323
322
316
324
323
316
327
326
325
328
327
325
329
328
325
332
331
330
333
332
330
334
333
330
337
336
335
340
339
338
341
340
338
344
343
342
345
344
342
346
345
342
347
346
342
350
349
348
353
352
351
354
353
351
355
354
351
358
357
356
359
358
356
360
359
356
361
360
356
364
363
362
365
364
362
366
365
362
367
366
362
368
367
362
369
368
362
370
369
362
373
372
371
376
375
374
377
376
374
378
377
374
381
380
379
382
381
379
385
384
383
386
385
383
389
388
387
390
389
387
391
390
387
394
393
392
395
394
392
398
397
396
399
398
396
402
401
400
403
402
400
404
403
400
407
406
405
410
409
408
411
410
408
412
411
408
415
414
413
416
415
413
419
418
417
420
419
417
421
420
417
424
423
422
425
424
422
426
425
422
429
428
427
430
429
427
431
430
427
432
431
427
433
432
427
434
433
427
435
434
427
436
435
427
437
436
427
438
437
427
439
438
427
440
439
427
443
442
441
444
443
441
445
444
441
448
447
446
449
448
446
450
449
446
451
450
446
452
451
446
453
452
446
454
453
446
457
456
455
458
457
455
459
458
455
462
461
460
465
464
463
466
465
463
469
468
467
470
469
467
471
470
467
472
471
467
473
472
467
474
473
467
477
476
475
478
477
475
481
480
479
482
481
479
483
482
479
486
485
484
487
486
484
490
489
488
491
490
488
494
493
492
497
496
495
498
497
495
499
498
495
500
499
495
503
502
501
504
503
501
507
506
505
508
507
505
509
508
505
512
511
510
513
512
510
514
513
510
515
514
510
518
517
516
521
520
519
522
521
519
525
524
523
526
525
523
529
528
527
530
529
527
531
530
527
532
531
527
533
532
527
536
535
534
537
536
534
538
537
534
541
540
539
542
541
539
545
544
543
546
545
543
547
546
543
548
547
543
549
548
543
550
549
543
551
550
543
554
553
552
555
554
552
556
555
552
559
558
557
560
559
557
561
560
557
564
563
562
565
564
562
566
565
562
567
566
562
568
567
562
571
570
569
572
571
569
575
574
573
576
575
573
579
578
577
580
579
577
583
582
581
584
583
581
587
586
585
590
589
588
591
590
588
592
591
588
593
592
588
596
595
594
597
596
594
598
597
594
601
600
599
602
601
599
603
602
599
604
603
599
605
604
599
608
607
606
609
608
606
610
609
606
611
610
606
612
611
606
613
612
606
614
613
606
615
614
606
616
615
606
617
616
606
618
617
606
621
620
619
622
621
619
625
624
623
626
625
623
627
626
623
630
629
628
633
632
631
634
633
631
635
634
631
638
637
636
639
638
636
642
641
640
643
642
640
646
645
644
647
646
644
650
649
648
651
650
648
652
651
648
655
654
653
656
655
653
657
656
653
658
657
653
661
660
659
662
661
659
665
664
663
666
665
663
669
668
667
670
669
667
671
670
667
672
671
667
673
672
667
676
675
674
677
676
674
678
677
674
679
678
674
680
679
674
683
682
681
684
683
681
685
684
681
686
685
681
689
688
687
690
689
687
693
692
691
694
693
691
697
696
695
698
697
695
699
698
695
700
699
695
701
700
695
704
703
702
705
704
702
706
705
702
709
708
707
710
709
707
713
712
711
714
713
711
717
716
715
718
717
715
719
718
715
720
719
715
723
722
721
726
725
724
727
726
724
728
727
724
729
728
724
732
731
730
733
732
730
736
735
734
737
736
734
740
739
738
741
740
738
744
743
742
745
744
742
748
747
746
749
748
746
752
751
750
753
752
750
756
755
754
757
756
754
760
759
758
761
760
758
764
763
762
765
764
762
768
767
766
769
768
766
772
771
770
773
772
770
776
775
774
779
778
777
780
779
777
781
780
777
782
781
777
783
782
777
786
785
784
787
786
784
788
787
784
791
790
789
792
791
789
795
794
793
796
795
793
799
798
797
800
799
797
801
800
797
802
801
797
803
802
797
806
805
804
807
806
804
810
809
808
811
810
808
812
811
808
815
814
813
816
815
813
819
818
817
822
821
820
823
822
820
824
823
820
827
826
825
828
827
825
831
830
829
832
831
829
835
834
833
836
835
833
837
836
833
840
839
838
841
840
838
844
843
842
847
846
845
848
847
845
851
850
849
852
851
849
853
852
849
856
855
854
859
858
857
860
859
857
861
860
857
864
863
862
867
866
865
868
867
865
1
3
0
3
2
0
0
1
2
0
2
3
4
5
6
4
6
7
8
9
10
8
10
11
12
13
14
12
14
15
16
17
18
16
18
19
16
19
20
16
20
21
22
23
24
22
24
25
1
3
0
3
2
0
0
1
2
0
2
3
0
3
4
1
3
0
3
2
0
0
1
2
0
2
3
4
5
6
4
6
7
8
9
10
8
10
11
12
13
14
12
14
15
12
15
16
12
16
17
1
3
0
3
2
0
0
1
2
0
2
3
4
5
6
4
6
7
1
3
0
3
2
0
0
1
2
0
2
3
4
5
6
4
6
7
1
3
0
3
2
0
0
1
2
0
2
3
0
3
4
1
3
0
3
2
0
0
1
2
0
2
3
0
3
4
1
3
0
3
2
0
0
1
2
0
2
3
4
5
6
4
6
7
1
3
0
3
2
0
0
1
2
0
2
3
4
5
6
4
6
7
8
9
10
8
10
11
12
13
14
12
14
15
16
17
18
16
18
19
16
19
20
1
3
0
3
2
0
0
1
2
0
2
3
0
3
4
1
3
0
3
2
0
0
1
2
0
2
3
1
3
0
3
2
0
0
1
2
0
2
3
4
5
6
4
6
7
8
9
10
8
10
11
1
3
0
3
2
0
2
1
0
3
2
0
1
3
0
3
2
0
2
1
0
3
2
0
1
3
0
3
2
0
2
1
0
3
2
0
4
3
0
1
3
0
3
2
0
0
1
2
0
2
3
0
3
4
1
3
0
3
2
0
0
1
2
0
2
3
4
5
6
4
6
7
4
7
8
4
8
9
4
9
10
1
3
0
3
2
0
2
1
0
3
2
0
4
3
0
5
4
0
6
5
0
7
6
0
8
7
0
1
3
0
3
2
0
2
1
0
3
2
0
4
3
0
1
3
0
3
2
0
2
1
0
3
2
0
1
3
0
3
2
0
0
1
2
0
2
3
4
5
6
4
6
7
1
3
0
3
2
0
0
1
2
0
2
3
1
3
0
3
2
0
2
1
0
3
2
0
6
5
4
7
6
4
10
9
8
11
10
8
14
13
12
15
14
12
18
17
16
19
18
16
22
21
20
23
22
20
26
25
24
27
26
24
28
27
24
29
28
24
32
31
30
33
32
30
36
35
34
37
36
34
38
37
34
41
40
39
42
41
39
43
42
39
46
45
44
47
46
44
48
47
44
51
50
49
52
51
49
53
52
49
54
53
49
57
56
55
58
57
55
61
60
59
62
61
59
1
3
0
3
2
0
0
1
2
0
2
3
4
5
6
1
3
0
3
2
0
0
1
2
0
2
3
4
5
6
4
6
7
1
3
0
3
2
0
2
1
0
3
2
0
6
5
4
7
6
4
10
9
8
11
10
8
14
13
12
15
14
12
18
17
16
19
18
16
22
21
20
23
22
20
26
25
24
27
26
24
30
29
28
31
30
28
34
33
32
35
34
32
38
37
36
39
38
36
42
41
40
43
42
40
44
43
40
47
46
45
48
47
45
51
50
49
52
51
49
1
3
0
3
2
0
0
1
2
0
2
3
4
5
6
4
6
7
4
7
8
4
8
9
10
11
12
10
12
13
1
3
0
3
2
0
0
1
2
0
2
3
1
3
0
3
2
0
0
1
2
0
2
3
0
3
4
1
3
0
3
2
0
0
1
2
0
2
3
1
3
0
3
2
0
0
1
2
0
2
3
1
3
0
3
2
0
2
1
0
3
2
0
4
3
0
7
6
5
8
7
5
11
10
9
12
11
9
13
12
9
16
15
14
17
16
14
20
19
18
21
20
18
22
21
18
25
24
23
26
25
23
27
26
23
30
29
28
31
30
28
32
31
28
1
3
0
3
2
0
2
1
0
3
2
0
1
3
0
3
2
0
2
1
0
3
2
0
1
3
0
3
2
0
2
1
0
5
4
3
6
5
3
7
6
3
10
9
8
11
10
8
14
13
12
15
14
12
16
15
12
19
18
17
20
19
17
21
20
17
22
21
17
25
24
23
26
25
23
27
26
23
30
29
28
31
30
28
34
33
32
35
34
32
38
37
36
39
38
36
40
39
36
43
42
41
44
43
41
45
44
41
48
47
46
49
48
46
50
49
46
51
50
46
54
53
52
57
56
55
58
57
55
59
58
55
62
61
60
63
62
60
66
65
64
67
66
64
70
69
68
73
72
71
74
73
71
75
74
71
76
75
71
79
78
77
80
79
77
81
80
77
84
83
82
85
84
82
86
85
82
87
86
82
90
89
88
91
90
88
92
91
88
93
92
88
94
93
88
97
96
95
98
97
95
101
100
99
102
101
99
105
104
103
106
105
103
109
108
107
110
109
107
113
112
111
114
113
111
115
114
111
118
117
116
119
118
116
120
119
116
123
122
121
124
123
121
127
126
125
128
127
125
131
130
129
132
131
129
135
134
133
136
135
133
137
136
133
140
139
138
141
140
138
144
143
142
145
144
142
146
145
142
147
146
142
150
149
148
153
152
151
154
153
151
155
154
151
158
157
156
159
158
156
162
161
160
163
162
160
164
163
160
165
164
160
166
165
160
169
168
167
170
169
167
173
172
171
176
175
174
177
176
174
180
179
178
181
180
178
184
183
182
185
184
182
188
187
186
189
188
186
192
191
190
193
192
190
194
193
190
195
194
190
196
195
190
197
196
190
198
197
190
199
198
190
200
199
190
203
202
201
204
203
201
207
206
205
208
207
205
211
210
209
212
211
209
213
212
209
214
213
209
217
216
215
218
217
215
221
220
219
224
223
222
225
224
222
226
225
222
229
228
227
230
229
227
233
232
231
234
233
231
237
236
235
238
237
235
241
240
239
242
241
239
245
244
243
246
245
243
247
246
243
250
249
248
251
250
248
252
251
248
253
252
248
254
253
248
257
256
255
258
257
255
261
260
259
262
261
259
263
262
259
266
265
264
267
266
264
268
267
264
269
268
264
270
269
264
271
270
264
274
273
272
275
274
272
278
277
276
279
278
276
282
281
280
283
282
280
286
285
284
289
288
287
290
289
287
291
290
287
292
291
287
293
292
287
296
295
294
297
296
294
298
297
294
299
298
294
302
301
300
303
302
300
304
303
300
305
304
300
306
305
300
307
306
300
310
309
308
313
312
311
314
313
311
315
314
311
318
317
316
319
318
316
322
321
320
323
322
320
326
325
324
327
326
324
328
327
324
331
330
329
332
331
329
335
334
333
336
335
333
337
336
333
338
337
333
341
340
339
342
341
339
343
342
339
344
343
339
345
344
339
348
347
346
351
350
349
352
351
349
355
354
353
356
355
353
359
358
357
360
359
357
361
360
357
364
363
362
365
364
362
368
367
366
369
368
366
370
369
366
371
370
366
372
371
366
373
372
366
374
373
366
375
374
366
378
377
376
379
378
376
380
379
376
381
380
376
382
381
376
385
384
383
386
385
383
387
386
383
388
387
383
389
388
383
390
389
383
391
390
383
392
391
383
393
392
383
396
395
394
397
396
394
400
399
398
401
400
398
402
401
398
405
404
403
406
405
403
409
408
407
410
409
407
411
410
407
412
411
407
415
414
413
416
415
413
417
416
413
418
417
413
421
420
419
422
421
419
423
422
419
426
425
424
427
426
424
430
429
428
431
430
428
432
431
428
435
434
433
438
437
436
439
438
436
440
439
436
441
440
436
442
441
436
443
442
436
444
443
436
445
444
436
448
447
446
449
448
446
450
449
446
451
450
446
454
453
452
455
454
452
458
457
456
459
458
456
462
461
460
463
462
460
464
463
460
465
464
460
466
465
460
467
466
460
470
469
468
471
470
468
474
473
472
477
476
475
478
477
475
481
480
479
482
481
479
485
484
483
486
485
483
489
488
487
490
489
487
493
492
491
494
493
491
497
496
495
498
497
495
499
498
495
502
501
500
503
502
500
506
505
504
507
506
504
510
509
508
511
510
508
512
511
508
513
512
508
516
515
514
517
516
514
518
517
514
521
520
519
522
521
519
523
522
519
526
525
524
529
528
527
532
531
530
535
534
533
536
535
533
539
538
537
540
539
537
543
542
541
544
543
541
547
546
545
548
547
545
551
550
549
552
551
549
555
554
553
556
555
553
559
558
557
560
559
557
563
562
561
564
563
561
565
564
561
566
565
561
567
566
561
568
567
561
569
568
561
572
571
570
573
572
570
576
575
574
577
576
574
580
579
578
581
580
578
582
581
578
585
584
583
586
585
583
589
588
587
590
589
587
591
590
587
594
593
592
595
594
592
596
595
592
599
598
597
600
599
597
601
600
597
604
603
602
605
604
602
1
3
0
3
2
0
2
1
0
3
2
0
4
3
0
5
4
0
8
7
6
9
8
6
10
9
6
11
10
6
14
13
12
17
16
15
18
17
15
19
18
15
20
19
15
21
20
15
24
23
22
25
24
22
26
25
22
27
26
22
30
29
28
33
32
31
34
33
31
35
34
31
36
35
31
37
36
31
40
39
38
43
42
41
44
43
41
47
46
45
48
47
45
49
48
45
50
49
45
53
52
51
56
55
54
57
56
54
58
57
54
59
58
54
62
61
60
63
62
60
64
63
60
67
66
65
68
67
65
69
68
65
70
69
65
73
72
71
74
73
71
77
76
75
1
3
0
3
2
0
0
1
2
0
2
3
1
3
0
3
2
0
0
1
2
0
2
3
1
3
0
3
2
0
2
1
0
1
3
0
3
2
0
0
1
2
0
2
3
4
5
6
4
6
7
4
7
8
4
8
9
4
9
10
11
12
13
11
13
14
1
3
0
3
2
0
0
1
2
0
2
3
1
3
0
3
2
0
0
1
2
0
2
3
1
3
0
3
2
0
0
1
2
1
3
0
3
2
0
2
1
0
3
2
0
6
5
4
7
6
4
10
9
8
11
10
8
14
13
12
15
14
12
16
15
12
1
3
0
3
2
0
0
1
2
0
2
3
0
3
4
5
6
7
5
7
8
1
3
0
3
2
0
0
1
2
0
2
3
1
3
0
3
2
0
2
1
0
3
2
0
6
5
4
7
6
4
1
3
0
3
2
0
0
1
2
0
2
3
0
3
4
5
6
7
5
7
8
1
3
0
3
2
0
0
1
2
0
2
3
0
3
4
0
4
5
1
3
0
3
2
0
0
1
2
3
4
5
3
5
6
3
6
7
8
9
10
8
10
11
1
3
0
3
2
0
2
1
0
3
2
0
6
5
4
7
6
4
8
7
4
1
3
0
3
2
0
0
1
2
0
2
3
1
3
0
3
2
0
2
1
0
3
2
0
6
5
4
7
6
4
1
3
0
3
2
0
2
1
0
3
2
0
6
5
4
7
6
4
8
7
4
1
3
0
3
2
0
0
1
2
0
2
3
0
3
4
1
3
0
3
2
0
0
1
2
0
2
3
0
3
4
0
4
5
6
7
8
6
8
9
6
9
10
6
10
11
12
13
14
12
14
15
16
17
18
16
18
19
20
21
22
20
22
23
1
3
0
3
2
0
0
1
2
0
2
3
1
3
0
3
2
0
2
1
0
3
2
0
1
3
0
3
2
0
0
1
2
0
2
3
4
5
6
4
6
7
4
7
8
9
10
11
12
13
14
12
14
15
16
17
18
16
18
19
20
21
22
20
22
23
24
25
26
24
26
27
24
27
28
29
30
31
32
33
34
32
34
35
36
37
38
36
38
39
40
41
42
40
42
43
44
45
46
44
46
47
44
47
48
49
50
51
49
51
52
53
54
55
56
57
58
56
58
59
56
59
60
61
62
63
64
65
66
64
66
67
68
69
70
68
70
71
68
71
72
68
72
73
74
75
76
77
78
79
77
79
80
81
82
83
81
83
84
81
84
85
86
87
88
1
3
0
3
2
0
0
1
2
0
2
3
4
5
6
4
6
7
8
9
10
8
10
11
8
11
12
1
3
0
3
2
0
0
1
2
0
2
3
1
3
0
3
2
0
0
1
2
0
2
3
0
3
4
1
3
0
3
2
0
0
1
2
0
2
3
0
3
4
0
4
5
0
5
6
7
8
9
7
9
10
7
10
11
7
11
12
7
12
13
7
13
14
15
16
17
15
17
18
19
20
21
19
21
22
19
22
23
1
3
0
3
2
0
0
1
2
0
2
3
1
3
0
3
2
0
2
1
0
3
2
0
4
3
0
1
3
0
3
2
0
2
1
0
3
2
0
4
3
0
5
4
0
6
5
0
7
6
0
8
7
0
9
8
0
10
9
0
13
12
11
16
15
14
17
16
14
18
17
14
19
18
14
22
21
20
23
22
20
24
23
20
27
26
25
28
27
25
29
28
25
30
29
25
31
30
25
32
31
25
35
34
33
38
37
36
39
38
36
40
39
36
41
40
36
42
41
36
43
42
36
44
43
36
45
44
36
46
45
36
47
46
36
50
49
48
53
52
51
54
53
51
55
54
51
58
57
56
59
58
56
62
61
60
63
62
60
64
63
60
65
64
60
66
65
60
69
68
67
70
69
67
71
70
67
74
73
72
75
74
72
78
77
76
79
78
76
80
79
76
83
82
81
84
83
81
85
84
81
86
85
81
89
88
87
90
89
87
93
92
91
94
93
91
95
94
91
98
97
96
99
98
96
100
99
96
103
102
101
104
103
101
107
106
105
108
107
105
111
110
109
112
111
109
113
112
109
116
115
114
117
116
114
118
117
114
119
118
114
122
121
120
123
122
120
126
125
124
127
126
124
130
129
128
131
130
128
134
133
132
135
134
132
138
137
136
139
138
136
140
139
136
143
142
141
144
143
141
145
144
141
146
145
141
149
148
147
150
149
147
153
152
151
154
153
151
157
156
155
158
157
155
161
160
159
162
161
159
163
162
159
164
163
159
167
166
165
168
167
165
169
168
165
170
169
165
173
172
171
176
175
174
177
176
174
180
179
178
181
180
178
182
181
178
183
182
178
186
185
184
187
186
184
188
187
184
191
190
189
192
191
189
193
192
189
194
193
189
197
196
195
198
197
195
199
198
195
200
199
195
201
200
195
204
203
202
205
204
202
206
205
202
209
208
207
210
209
207
211
210
207
214
213
212
215
214
212
216
215
212
219
218
217
220
219
217
223
222
221
226
225
224
227
226
224
228
227
224
229
228
224
230
229
224
231
230
224
232
231
224
233
232
224
236
235
234
237
236
234
238
237
234
239
238
234
242
241
240
243
242
240
246
245
244
247
246
244
248
247
244
249
248
244
250
249
244
251
250
244
254
253
252
255
254
252
258
257
256
259
258
256
262
261
260
263
262
260
264
263
260
267
266
265
268
267
265
269
268
265
272
271
270
273
272
270
276
275
274
277
276
274
278
277
274
279
278
274
282
281
280
285
284
283
286
285
283
287
286
283
288
287
283
289
288
283
290
289
283
293
292
291
294
293
291
297
296
295
298
297
295
301
300
299
302
301
299
303
302
299
304
303
299
305
304
299
306
305
299
309
308
307
310
309
307
313
312
311
314
313
311
317
316
315
318
317
315
319
318
315
322
321
320
323
322
320
326
325
324
329
328
327
330
329
327
333
332
331
334
333
331
335
334
331
336
335
331
339
338
337
340
339
337
341
340
337
344
343
342
345
344
342
348
347
346
349
348
346
350
349
346
353
352
351
354
353
351
355
354
351
358
357
356
359
358
356
360
359
356
363
362
361
364
363
361
367
366
365
368
367
365
369
368
365
370
369
365
373
372
371
374
373
371
377
376
375
378
377
375
379
378
375
380
379
375
383
382
381
384
383
381
387
386
385
390
389
388
391
390
388
392
391
388
393
392
388
394
393
388
397
396
395
400
399
398
401
400
398
404
403
402
405
404
402
406
405
402
407
406
402
410
409
408
411
410
408
412
411
408
415
414
413
418
417
416
419
418
416
422
421
420
423
422
420
426
425
424
427
426
424
428
427
424
431
430
429
432
431
429
435
434
433
436
435
433
439
438
437
440
439
437
443
442
441
444
443
441
445
444
441
446
445
441
447
446
441
450
449
448
451
450
448
452
451
448
453
452
448
456
455
454
457
456
454
458
457
454
459
458
454
460
459
454
461
460
454
464
463
462
465
464
462
468
467
466
469
468
466
470
469
466
471
470
466
472
471
466
473
472
466
474
473
466
475
474
466
476
475
466
477
476
466
480
479
478
481
480
478
484
483
482
485
484
482
488
487
486
489
488
486
490
489
486
491
490
486
494
493
492
495
494
492
498
497
496
499
498
496
500
499
496
503
502
501
506
505
504
507
506
504
510
509
508
511
510
508
512
511
508
513
512
508
514
513
508
515
514
508
516
515
508
517
516
508
518
517
508
519
518
508
520
519
508
521
520
508
522
521
508
523
522
508
524
523
508
527
526
525
528
527
525
529
528
525
532
531
530
533
532
530
534
533
530
537
536
535
538
537
535
541
540
539
542
541
539
543
542
539
544
543
539
545
544
539
548
547
546
549
548
546
550
549
546
551
550
546
552
551
546
553
552
546
554
553
546
557
556
555
558
557
555
559
558
555
560
559
555
563
562
561
564
563
561
565
564
561
566
565
561
569
568
567
570
569
567
573
572
571
574
573
571
575
574
571
576
575
571
577
576
571
580
579
578
583
582
581
584
583
581
585
584
581
588
587
586
589
588
586
592
591
590
593
592
590
594
593
590
595
594
590
598
597
596
599
598
596
602
601
600
603
602
600
604
603
600
607
606
605
608
607
605
611
610
609
612
611
609
613
612
609
614
613
609
615
614
609
618
617
616
619
618
616
622
621
620
623
622
620
624
623
620
627
626
625
628
627
625
629
628
625
630
629
625
631
630
625
634
633
632
635
634
632
638
637
636
639
638
636
640
639
636
643
642
641
644
643
641
645
644
641
646
645
641
647
646
641
648
647
641
651
650
649
652
651
649
653
652
649
656
655
654
659
658
657
660
659
657
663
662
661
666
665
664
667
666
664
668
667
664
671
670
669
672
671
669
675
674
673
678
677
676
679
678
676
680
679
676
681
680
676
684
683
682
687
686
685
688
687
685
689
688
685
690
689
685
691
690
685
694
693
692
697
696
695
698
697
695
699
698
695
700
699
695
701
700
695
702
701
695
705
704
703
708
707
706
709
708
706
712
711
710
713
712
710
714
713
710
715
714
710
718
717
716
719
718
716
722
721
720
723
722
720
724
723
720
725
724
720
726
725
720
727
726
720
730
729
728
731
730
728
734
733
732
735
734
732
736
735
732
739
738
737
740
739
737
741
740
737
742
741
737
745
744
743
746
745
743
747
746
743
748
747
743
751
750
749
752
751
749
753
752
749
756
755
754
757
756
754
758
757
754
759
758
754
760
759
754
761
760
754
762
761
754
765
764
763
766
765
763
769
768
767
770
769
767
771
770
767
774
773
772
775
774
772
778
777
776
781
780
779
782
781
779
783
782
779
786
785
784
787
786
784
790
789
788
791
790
788
794
793
792
795
794
792
796
795
792
799
798
797
800
799
797
801
800
797
804
803
802
805
804
802
806
805
802
807
806
802
810
809
808
811
810
808
812
811
808
813
812
808
814
813
808
817
816
815
818
817
815
821
820
819
822
821
819
823
822
819
824
823
819
825
824
819
828
827
826
831
830
829
832
831
829
833
832
829
834
833
829
835
834
829
838
837
836
839
838
836
840
839
836
841
840
836
842
841
836
845
844
843
848
847
846
849
848
846
850
849
846
851
850
846
852
851
846
853
852
846
856
855
854
857
856
854
860
859
858
861
860
858
864
863
862
865
864
862
868
867
866
869
868
866
872
871
870
873
872
870
874
873
870
877
876
875
880
879
878
881
880
878
882
881
878
883
882
878
886
885
884
887
886
884
890
889
888
891
890
888
892
891
888
893
892
888
894
893
888
897
896
895
898
897
895
899
898
895
902
901
900
903
902
900
904
903
900
905
904
900
906
905
900
909
908
907
910
909
907
913
912
911
914
913
911
915
914
911
918
917
916
919
918
916
920
919
916
921
920
916
924
923
922
925
924
922
926
925
922
927
926
922
930
929
928
931
930
928
932
931
928
933
932
928
936
935
934
937
936
934
938
937
934
941
940
939
942
941
939
943
942
939
944
943
939
945
944
939
946
945
939
947
946
939
948
947
939
949
948
939
952
951
950
955
954
953
956
955
953
959
958
957
960
959
957
963
962
961
964
963
961
967
966
965
968
967
965
969
968
965
972
971
970
973
972
970
976
975
974
977
976
974
978
977
974
979
978
974
982
981
980
983
982
980
984
983
980
987
986
985
990
989
988
991
990
988
992
991
988
995
994
993
996
995
993
999
998
997
1000
999
997
1001
1000
997
1002
1001
997
1003
1002
997
1006
1005
1004
1007
1006
1004
1008
1007
1004
1009
1008
1004
1012
1011
1010
1013
1012
1010
1014
1013
1010
1017
1016
1015
1018
1017
1015
1019
1018
1015
1020
1019
1015
1021
1020
1015
1024
1023
1022
1025
1024
1022
1028
1027
1026
1029
1028
1026
1032
1031
1030
1033
1032
1030
1034
1033
1030
1035
1034
1030
1036
1035
1030
1037
1036
1030
1040
1039
1038
1041
1040
1038
1042
1041
1038
1045
1044
1043
1048
1047
1046
1049
1048
1046
1050
1049
1046
1051
1050
1046
1052
1051
1046
1055
1054
1053
1056
1055
1053
1057
1056
1053
1058
1057
1053
1061
1060
1059
1062
1061
1059
1063
1062
1059
1066
1065
1064
1067
1066
1064
1068
1067
1064
1071
1070
1069
1072
1071
1069
1073
1072
1069
1076
1075
1074
1077
1076
1074
1078
1077
1074
1081
1080
1079
1082
1081
1079
1083
1082
1079
1084
1083
1079
1085
1084
1079
1088
1087
1086
1089
1088
1086
1090
1089
1086
1093
1092
1091
1094
1093
1091
1097
1096
1095
1098
1097
1095
1099
1098
1095
1100
1099
1095
1103
1102
1101
1104
1103
1101
1107
1106
1105
1108
1107
1105
1109
1108
1105
1112
1111
1110
1113
1112
1110
1114
1113
1110
1117
1116
1115
1118
1117
1115
1119
1118
1115
1120
1119
1115
1121
1120
1115
1124
1123
1122
1125
1124
1122
1126
1125
1122
1129
1128
1127
1130
1129
1127
1133
1132
1131
1134
1133
1131
1135
1134
1131
1136
1135
1131
1137
1136
1131
1138
1137
1131
1141
1140
1139
1142
1141
1139
1143
1142
1139
1144
1143
1139
1147
1146
1145
1148
1147
1145
1149
1148
1145
1150
1149
1145
1151
1150
1145
1154
1153
1152
1155
1154
1152
1156
1155
1152
1159
1158
1157
1160
1159
1157
1163
1162
1161
1164
1163
1161
1165
1164
1161
1166
1165
1161
1169
1168
1167
1170
1169
1167
1171
1170
1167
1172
1171
1167
1175
1174
1173
1176
1175
1173
1177
1176
1173
1180
1179
1178
1181
1180
1178
1182
1181
1178
1183
1182
1178
1184
1183
1178
1187
1186
1185
1190
1189
1188
1191
1190
1188
1192
1191
1188
1195
1194
1193
1196
1195
1193
1199
1198
1197
1200
1199
1197
1201
1200
1197
1204
1203
1202
1205
1204
1202
1206
1205
1202
1209
1208
1207
1210
1209
1207
1213
1212
1211
1214
1213
1211
1215
1214
1211
1218
1217
1216
1219
1218
1216
1220
1219
1216
1221
1220
1216
1224
1223
1222
1227
1226
1225
1230
1229
1228
1231
1230
1228
1232
1231
1228
1233
1232
1228
1234
1233
1228
1237
1236
1235
1238
1237
1235
1241
1240
1239
1242
1241
1239
1245
1244
1243
1248
1247
1246
1249
1248
1246
1252
1251
1250
1253
1252
1250
1256
1255
1254
1257
1256
1254
1260
1259
1258
1263
1262
1261
1264
1263
1261
1265
1264
1261
1268
1267
1266
1269
1268
1266
1272
1271
1270
1273
1272
1270
1276
1275
1274
1277
1276
1274
1278
1277
1274
1281
1280
1279
1284
1283
1282
1285
1284
1282
1288
1287
1286
1291
1290
1289
1292
1291
1289
1293
1292
1289
1296
1295
1294
1299
1298
1297
1302
1301
1300
1303
1302
1300
1304
1303
1300
1305
1304
1300
1308
1307
1306
1311
1310
1309
1312
1311
1309
1313
1312
1309
1314
1313
1309
1317
1316
1315
1318
1317
1315
1319
1318
1315
1322
1321
1320
1323
1322
1320
1324
1323
1320
1327
1326
1325
1330
1329
1328
1331
1330
1328
1332
1331
1328
1335
1334
1333
1336
1335
1333
1337
1336
1333
1338
1337
1333
1339
1338
1333
1340
1339
1333
1341
1340
1333
1344
1343
1342
1345
1344
1342
1348
1347
1346
1349
1348
1346
1352
1351
1350
1353
1352
1350
1354
1353
1350
1355
1354
1350
1358
1357
1356
1359
1358
1356
1360
1359
1356
1363
1362
1361
1364
1363
1361
1367
1366
1365
1368
1367
1365
1371
1370
1369
1372
1371
1369
1373
1372
1369
1376
1375
1374
1377
1376
1374
1378
1377
1374
1381
1380
1379
1382
1381
1379
1383
1382
1379
1386
1385
1384
1387
1386
1384
1388
1387
1384
1391
1390
1389
1392
1391
1389
1393
1392
1389
1396
1395
1394
1397
1396
1394
1400
1399
1398
1401
1400
1398
1404
1403
1402
1407
1406
1405
1408
1407
1405
1411
1410
1409
1412
1411
1409
1415
1414
1413
1416
1415
1413
1419
1418
1417
1420
1419
1417
1421
1420
1417
1422
1421
1417
1425
1424
1423
1428
1427
1426
1429
1428
1426
1430
1429
1426
1431
1430
1426
1432
1431
1426
1433
1432
1426
1436
1435
1434
1437
1436
1434
1440
1439
1438
1443
1442
1441
1444
1443
1441
1445
1444
1441
1446
1445
1441
1449
1448
1447
1452
1451
1450
1453
1452
1450
1454
1453
1450
1455
1454
1450
1458
1457
1456
1461
1460
1459
1464
1463
1462
1465
1464
1462
1468
1467
1466
1469
1468
1466
1472
1471
1470
1473
1472
1470
1476
1475
1474
1477
1476
1474
1480
1479
1478
1481
1480
1478
1484
1483
1482
1485
1484
1482
1488
1487
1486
1489
1488
1486
1490
1489
1486
1491
1490
1486
1494
1493
1492
1495
1494
1492
1498
1497
1496
1499
1498
1496
1502
1501
1500
1503
1502
1500
1504
1503
1500
1505
1504
1500
1506
1505
1500
1507
1506
1500
1510
1509
1508
1513
1512
1511
1514
1513
1511
1515
1514
1511
1516
1515
1511
1517
1516
1511
1520
1519
1518
1521
1520
1518
1524
1523
1522
1527
1526
1525
1530
1529
1528
1531
1530
1528
1534
1533
1532
1535
1534
1532
1536
1535
1532
1537
1536
1532
1540
1539
1538
1541
1540
1538
1542
1541
1538
1545
1544
1543
1546
1545
1543
1549
1548
1547
1550
1549
1547
1553
1552
1551
1554
1553
1551
1557
1556
1555
1558
1557
1555
1561
1560
1559
1562
1561
1559
1565
1564
1563
1566
1565
1563
1569
1568
1567
1570
1569
1567
1573
1572
1571
1574
1573
1571
1575
1574
1571
1578
1577
1576
1579
1578
1576
1580
1579
1576
1583
1582
1581
1584
1583
1581
1587
1586
1585
1588
1587
1585
1589
1588
1585
1590
1589
1585
1593
1592
1591
1594
1593
1591
1595
1594
1591
1596
1595
1591
1597
1596
1591
1600
1599
1598
1601
1600
1598
1602
1601
1598
1605
1604
1603
1606
1605
1603
1607
1606
1603
1608
1607
1603
1611
1610
1609
1614
1613
1612
1615
1614
1612
1616
1615
1612
1617
1616
1612
1618
1617
1612
1619
1618
1612
1620
1619
1612
1623
1622
1621
1624
1623
1621
1625
1624
1621
1628
1627
1626
1629
1628
1626
1630
1629
1626
1633
1632
1631
1634
1633
1631
1637
1636
1635
1638
1637
1635
1641
1640
1639
1642
1641
1639
1645
1644
1643
1646
1645
1643
1647
1646
1643
1648
1647
1643
1649
1648
1643
1650
1649
1643
1653
1652
1651
1654
1653
1651
1655
1654
1651
1656
1655
1651
1657
1656
1651
1658
1657
1651
1659
1658
1651
1662
1661
1660
1663
1662
1660
1664
1663
1660
1665
1664
1660
1668
1667
1666
1669
1668
1666
1670
1669
1666
1671
1670
1666
1674
1673
1672
1677
1676
1675
1678
1677
1675
1679
1678
1675
1680
1679
1675
1681
1680
1675
1682
1681
1675
1683
1682
1675
1686
1685
1684
1687
1686
1684
1688
1687
1684
1691
1690
1689
1692
1691
1689
1693
1692
1689
1696
1695
1694
1697
1696
1694
1698
1697
1694
1699
1698
1694
1700
1699
1694
1703
1702
1701
1704
1703
1701
1705
1704
1701
1706
1705
1701
1707
1706
1701
1710
1709
1708
1713
1712
1711
1714
1713
1711
1717
1716
1715
1718
1717
1715
1719
1718
1715
1720
1719
1715
1721
1720
1715
1724
1723
1722
1725
1724
1722
1728
1727
1726
1729
1728
1726
1730
1729
1726
1731
1730
1726
1732
1731
1726
1735
1734
1733
1736
1735
1733
1737
1736
1733
1740
1739
1738
1743
1742
1741
1744
1743
1741
1745
1744
1741
1748
1747
1746
1749
1748
1746
1750
1749
1746
1751
1750
1746
1752
1751
1746
1755
1754
1753
1758
1757
1756
1759
1758
1756
1760
1759
1756
1761
1760
1756
1762
1761
1756
1765
1764
1763
1766
1765
1763
1767
1766
1763
1768
1767
1763
1769
1768
1763
1770
1769
1763
1771
1770
1763
1774
1773
1772
1775
1774
1772
1778
1777
1776
1779
1778
1776
1780
1779
1776
1781
1780
1776
1784
1783
1782
1787
1786
1785
1788
1787
1785
1789
1788
1785
1790
1789
1785
1793
1792
1791
1796
1795
1794
1797
1796
1794
1798
1797
1794
1801
1800
1799
1802
1801
1799
1805
1804
1803
1808
1807
1806
1809
1808
1806
1810
1809
1806
1811
1810
1806
1812
1811
1806
1813
1812
1806
1814
1813
1806
1815
1814
1806
1816
1815
1806
1819
1818
1817
1822
1821
1820
1825
1824
1823
1826
1825
1823
1829
1828
1827
1830
1829
1827
1833
1832
1831
1836
1835
1834
1837
1836
1834
1838
1837
1834
1839
1838
1834
1840
1839
1834
1843
1842
1841
1846
1845
1844
1849
1848
1847
1852
1851
1850
1853
1852
1850
1856
1855
1854
1857
1856
1854
1
3
0
3
2
0
2
1
0
3
2
0
1
3
0
3
2
0
0
1
2
0
2
3
1
3
0
3
2
0
0
1
2
0
2
3
4
5
6
4
6
7
1
3
0
3
2
0
2
1
0
3
2
0
6
5
4
7
6
4
1
3
0
3
2
0
0
1
2
0
2
3
1
3
0
3
2
0
2
1
0
3
2
0
1
3
0
3
2
0
2
1
0
1
3
0
3
2
0
0
1
2
0
2
3
4
5
6
4
6
7
1
3
0
3
2
0
0
1
2
0
2
3
1
3
0
3
2
0
2
1
0
3
2
0
4
3
0
7
6
5
8
7
5
11
10
9
12
11
9
13
12
9
16
15
14
17
16
14
20
19
18
21
20
18
22
21
18
1
3
0
3
2
0
0
1
2
0
2
3
4
5
6
4
6
7
4
7
8
1
3
0
3
2
0
2
1
0
3
2
0
6
5
4
7
6
4
8
7
4
11
10
9
12
11
9
15
14
13
16
15
13
19
18
17
20
19
17
23
22
21
24
23
21
25
24
21
28
27
26
29
28
26
32
31
30
33
32
30
36
35
34
37
36
34
40
39
38
41
40
38
44
43
42
45
44
42
46
45
42
49
48
47
50
49
47
51
50
47
52
51
47
55
54
53
56
55
53
1
3
0
3
2
0
2
1
0
3
2
0
4
3
0
1
3
0
3
2
0
0
1
2
0
2
3
0
3
4
1
3
0
3
2
0
0
1
2
0
2
3
1
3
0
3
2
0
2
1
0
3
2
0
6
5
4
7
6
4
1
3
0
3
2
0
0
1
2
0
2
3
1
3
0
3
2
0
0
1
2
0
2
3
1
3
0
3
2
0
0
1
2
0
2
3
0
3
4
1
3
0
3
2
0
2
1
0
3
2
0
6
5
4
7
6
4
1
3
0
3
2
0
0
1
2
0
2
3
0
3
4
0
4
5
0
5
6
7
8
9
7
9
10
11
12
13
14
15
16
14
16
17
14
17
18
19
20
21
22
23
24
22
24
25
22
25
26
22
26
27
22
27
28
29
30
31
32
33
34
35
36
37
35
37
38
1
3
0
3
2
0
0
1
2
0
2
3
0
3
4
1
3
0
3
2
0
0
1
2
0
2
3
1
3
0
3
2
0
2
1
0
3
2
0
6
5
4
7
6
4
8
7
4
9
8
4
12
11
10
13
12
10
14
13
10
15
14
10
18
17
16
21
20
19
22
21
19
25
24
23
26
25
23
27
26
23
30
29
28
31
30
28
34
33
32
35
34
32
36
35
32
37
36
32
38
37
32
39
38
32
42
41
40
1
3
0
3
2
0
0
1
2
0
2
3
4
5
6
4
6
7
4
7
8
1
3
0
3
2
0
2
1
0
3
2
0
4
3
0
5
4
0
6
5
0
1
3
0
3
2
0
0
1
2
0
2
3
1
3
0
3
2
0
2
1
0
3
2
0
1
3
0
3
2
0
2
1
0
3
2
0
4
3
0
5
4
0
8
7
6
9
8
6
10
9
6
13
12
11
14
13
11
15
14
11
18
17
16
19
18
16
20
19
16
23
22
21
24
23
21
25
24
21
28
27
26
29
28
26
32
31
30
33
32
30
34
33
30
35
34
30
38
37
36
39
38
36
42
41
40
43
42
40
44
43
40
47
46
45
48
47
45
51
50
49
52
51
49
55
54
53
56
55
53
57
56
53
58
57
53
59
58
53
60
59
53
63
62
61
64
63
61
65
64
61
66
65
61
67
66
61
68
67
61
71
70
69
72
71
69
75
74
73
76
75
73
77
76
73
80
79
78
81
80
78
82
81
78
85
84
83
86
85
83
89
88
87
90
89
87
93
92
91
94
93
91
97
96
95
98
97
95
101
100
99
102
101
99
105
104
103
106
105
103
109
108
107
110
109
107
113
112
111
114
113
111
115
114
111
116
115
111
117
116
111
118
117
111
119
118
111
122
121
120
123
122
120
126
125
124
127
126
124
130
129
128
131
130
128
132
131
128
133
132
128
136
135
134
137
136
134
140
139
138
141
140
138
142
141
138
145
144
143
146
145
143
149
148
147
150
149
147
153
152
151
154
153
151
157
156
155
158
157
155
161
160
159
162
161
159
163
162
159
164
163
159
167
166
165
168
167
165
169
168
165
170
169
165
173
172
171
174
173
171
177
176
175
178
177
175
181
180
179
182
181
179
185
184
183
186
185
183
187
186
183
190
189
188
191
190
188
194
193
192
195
194
192
198
197
196
199
198
196
200
199
196
203
202
201
204
203
201
205
204
201
208
207
206
209
208
206
210
209
206
211
210
206
214
213
212
217
216
215
218
217
215
219
218
215
220
219
215
223
222
221
226
225
224
227
226
224
228
227
224
231
230
229
234
233
232
235
234
232
236
235
232
237
236
232
238
237
232
241
240
239
242
241
239
245
244
243
246
245
243
247
246
243
250
249
248
251
250
248
254
253
252
255
254
252
256
255
252
257
256
252
258
257
252
261
260
259
262
261
259
263
262
259
264
263
259
267
266
265
268
267
265
271
270
269
272
271
269
275
274
273
276
275
273
277
276
273
278
277
273
279
278
273
282
281
280
283
282
280
284
283
280
285
284
280
288
287
286
289
288
286
290
289
286
293
292
291
294
293
291
297
296
295
298
297
295
301
300
299
302
301
299
305
304
303
306
305
303
307
306
303
308
307
303
309
308
303
312
311
310
315
314
313
316
315
313
317
316
313
320
319
318
321
320
318
324
323
322
325
324
322
328
327
326
329
328
326
330
329
326
331
330
326
332
331
326
335
334
333
336
335
333
339
338
337
340
339
337
343
342
341
1
3
0
3
2
0
0
1
2
0
2
3
0
3
4
0
4
5
1
3
0
3
2
0
0
1
2
0
2
3
4
5
6
4
6
7
4
7
8
1
3
0
3
2
0
2
1
0
5
4
3
6
5
3
1
3
0
3
2
0
2
1
0
3
2
0
4
3
0
7
6
5
8
7
5
9
8
5
10
9
5
11
10
5
12
11
5
15
14
13
16
15
13
17
16
13
18
17
13
19
18
13
22
21
20
23
22
20
26
25
24
29
28
27
30
29
27
31
30
27
34
33
32
37
36
35
38
37
35
39
38
35
40
39
35
41
40
35
42
41
35
43
42
35
44
43
35
45
44
35
46
45
35
47
46
35
50
49
48
51
50
48
54
53
52
55
54
52
56
55
52
59
58
57
60
59
57
61
60
57
64
63
62
65
64
62
66
65
62
67
66
62
68
67
62
71
70
69
72
71
69
75
74
73
76
75
73
79
78
77
80
79
77
81
80
77
84
83
82
85
84
82
86
85
82
87
86
82
88
87
82
89
88
82
90
89
82
93
92
91
94
93
91
97
96
95
98
97
95
99
98
95
102
101
100
103
102
100
104
103
100
107
106
105
108
107
105
109
108
105
112
111
110
113
112
110
114
113
110
115
114
110
116
115
110
119
118
117
120
119
117
121
120
117
124
123
122
125
124
122
126
125
122
129
128
127
130
129
127
131
130
127
134
133
132
135
134
132
138
137
136
139
138
136
140
139
136
143
142
141
146
145
144
147
146
144
150
149
148
151
150
148
154
153
152
155
154
152
156
155
152
159
158
157
160
159
157
163
162
161
164
163
161
165
164
161
166
165
161
167
166
161
170
169
168
171
170
168
172
171
168
175
174
173
176
175
173
177
176
173
178
177
173
179
178
173
180
179
173
183
182
181
184
183
181
185
184
181
186
185
181
187
186
181
190
189
188
191
190
188
192
191
188
193
192
188
194
193
188
197
196
195
198
197
195
199
198
195
200
199
195
203
202
201
204
203
201
207
206
205
208
207
205
211
210
209
212
211
209
213
212
209
214
213
209
215
214
209
216
215
209
217
216
209
218
217
209
219
218
209
220
219
209
223
222
221
226
225
224
227
226
224
228
227
224
229
228
224
230
229
224
231
230
224
232
231
224
233
232
224
236
235
234
237
236
234
238
237
234
239
238
234
240
239
234
241
240
234
244
243
242
245
244
242
246
245
242
247
246
242
250
249
248
251
250
248
252
251
248
255
254
253
256
255
253
257
256
253
258
257
253
261
260
259
262
261
259
265
264
263
266
265
263
269
268
267
270
269
267
271
270
267
272
271
267
273
272
267
274
273
267
277
276
275
278
277
275
281
280
279
282
281
279
283
282
279
286
285
284
287
286
284
288
287
284
289
288
284
290
289
284
291
290
284
292
291
284
295
294
293
296
295
293
297
296
293
300
299
298
301
300
298
302
301
298
305
304
303
306
305
303
307
306
303
308
307
303
311
310
309
312
311
309
315
314
313
316
315
313
317
316
313
318
317
313
321
320
319
322
321
319
325
324
323
326
325
323
329
328
327
330
329
327
331
330
327
332
331
327
335
334
333
336
335
333
339
338
337
340
339
337
341
340
337
342
341
337
345
344
343
348
347
346
349
348
346
350
349
346
351
350
346
352
351
346
353
352
346
356
355
354
357
356
354
360
359
358
361
360
358
362
361
358
363
362
358
364
363
358
365
364
358
368
367
366
371
370
369
372
371
369
373
372
369
374
373
369
377
376
375
378
377
375
381
380
379
382
381
379
383
382
379
384
383
379
385
384
379
386
385
379
387
386
379
388
387
379
391
390
389
394
393
392
395
394
392
396
395
392
399
398
397
402
401
400
403
402
400
404
403
400
405
404
400
406
405
400
407
406
400
408
407
400
409
408
400
410
409
400
413
412
411
414
413
411
417
416
415
418
417
415
419
418
415
420
419
415
421
420
415
422
421
415
425
424
423
428
427
426
429
428
426
430
429
426
431
430
426
432
431
426
433
432
426
436
435
434
437
436
434
438
437
434
439
438
434
442
441
440
443
442
440
446
445
444
447
446
444
448
447
444
451
450
449
452
451
449
453
452
449
456
455
454
457
456
454
460
459
458
461
460
458
464
463
462
465
464
462
466
465
462
469
468
467
472
471
470
473
472
470
474
473
470
475
474
470
476
475
470
479
478
477
480
479
477
481
480
477
482
481
477
485
484
483
486
485
483
487
486
483
490
489
488
491
490
488
492
491
488
493
492
488
494
493
488
497
496
495
498
497
495
499
498
495
500
499
495
501
500
495
502
501
495
503
502
495
506
505
504
507
506
504
508
507
504
509
508
504
512
511
510
515
514
513
516
515
513
517
516
513
518
517
513
519
518
513
522
521
520
523
522
520
526
525
524
529
528
527
530
529
527
531
530
527
532
531
527
533
532
527
534
533
527
535
534
527
536
535
527
539
538
537
540
539
537
541
540
537
544
543
542
545
544
542
548
547
546
549
548
546
550
549
546
551
550
546
552
551
546
553
552
546
554
553
546
555
554
546
556
555
546
557
556
546
560
559
558
563
562
561
564
563
561
565
564
561
568
567
566
569
568
566
570
569
566
573
572
571
574
573
571
577
576
575
578
577
575
581
580
579
582
581
579
585
584
583
586
585
583
589
588
587
590
589
587
591
590
587
594
593
592
595
594
592
596
595
592
599
598
597
600
599
597
603
602
601
604
603
601
607
606
605
608
607
605
611
610
609
612
611
609
613
612
609
614
613
609
617
616
615
620
619
618
621
620
618
624
623
622
625
624
622
628
627
626
629
628
626
630
629
626
631
630
626
634
633
632
635
634
632
636
635
632
639
638
637
640
639
637
643
642
641
644
643
641
645
644
641
646
645
641
647
646
641
650
649
648
651
650
648
654
653
652
655
654
652
658
657
656
659
658
656
660
659
656
661
660
656
664
663
662
665
664
662
666
665
662
669
668
667
670
669
667
673
672
671
674
673
671
677
676
675
678
677
675
679
678
675
682
681
680
683
682
680
686
685
684
687
686
684
688
687
684
689
688
684
690
689
684
691
690
684
692
691
684
693
692
684
696
695
694
697
696
694
698
697
694
699
698
694
702
701
700
703
702
700
704
703
700
707
706
705
708
707
705
711
710
709
712
711
709
715
714
713
716
715
713
719
718
717
720
719
717
721
720
717
722
721
717
725
724
723
726
725
723
727
726
723
728
727
723
729
728
723
732
731
730
733
732
730
734
733
730
735
734
730
736
735
730
737
736
730
740
739
738
741
740
738
742
741
738
743
742
738
746
745
744
747
746
744
748
747
744
749
748
744
750
749
744
753
752
751
756
755
754
757
756
754
758
757
754
761
760
759
762
761
759
765
764
763
766
765
763
767
766
763
770
769
768
771
770
768
774
773
772
775
774
772
776
775
772
777
776
772
778
777
772
779
778
772
780
779
772
781
780
772
782
781
772
785
784
783
786
785
783
789
788
787
790
789
787
791
790
787
792
791
787
793
792
787
794
793
787
797
796
795
798
797
795
799
798
795
800
799
795
803
802
801
804
803
801
805
804
801
808
807
806
809
808
806
812
811
810
813
812
810
814
813
810
815
814
810
816
815
810
819
818
817
820
819
817
821
820
817
824
823
822
825
824
822
826
825
822
827
826
822
828
827
822
831
830
829
832
831
829
833
832
829
836
835
834
837
836
834
838
837
834
841
840
839
842
841
839
843
842
839
844
843
839
847
846
845
848
847
845
849
848
845
850
849
845
853
852
851
856
855
854
857
856
854
858
857
854
861
860
859
864
863
862
865
864
862
868
867
866
869
868
866
872
871
870
873
872
870
874
873
870
875
874
870
876
875
870
877
876
870
880
879
878
881
880
878
882
881
878
885
884
883
886
885
883
889
888
887
890
889
887
893
892
891
894
893
891
895
894
891
896
895
891
897
896
891
900
899
898
903
902
901
904
903
901
905
904
901
906
905
901
907
906
901
908
907
901
909
908
901
912
911
910
913
912
910
916
915
914
917
916
914
920
919
918
921
920
918
922
921
918
923
922
918
926
925
924
927
926
924
928
927
924
929
928
924
932
931
930
933
932
930
934
933
930
935
934
930
936
935
930
937
936
930
938
937
930
941
940
939
942
941
939
943
942
939
946
945
944
947
946
944
950
949
948
951
950
948
952
951
948
953
952
948
956
955
954
957
956
954
958
957
954
959
958
954
962
961
960
963
962
960
964
963
960
967
966
965
970
969
968
971
970
968
972
971
968
973
972
968
974
973
968
975
974
968
976
975
968
979
978
977
980
979
977
981
980
977
984
983
982
985
984
982
988
987
986
989
988
986
990
989
986
993
992
991
996
995
994
997
996
994
998
997
994
1001
1000
999
1002
1001
999
1003
1002
999
1004
1003
999
1007
1006
1005
1008
1007
1005
1009
1008
1005
1010
1009
1005
1013
1012
1011
1014
1013
1011
1015
1014
1011
1018
1017
1016
1019
1018
1016
1020
1019
1016
1023
1022
1021
1024
1023
1021
1025
1024
1021
1028
1027
1026
1029
1028
1026
1030
1029
1026
1033
1032
1031
1036
1035
1034
1037
1036
1034
1038
1037
1034
1039
1038
1034
1042
1041
1040
1043
1042
1040
1044
1043
1040
1047
1046
1045
1048
1047
1045
1049
1048
1045
1050
1049
1045
1053
1052
1051
1056
1055
1054
1057
1056
1054
1060
1059
1058
1061
1060
1058
1064
1063
1062
1065
1064
1062
1068
1067
1066
1069
1068
1066
1072
1071
1070
1073
1072
1070
1074
1073
1070
1077
1076
1075
1078
1077
1075
1079
1078
1075
1082
1081
1080
1083
1082
1080
1084
1083
1080
1087
1086
1085
1088
1087
1085
1091
1090
1089
1092
1091
1089
1093
1092
1089
1094
1093
1089
1097
1096
1095
1098
1097
1095
1099
1098
1095
1102
1101
1100
1105
1104
1103
1106
1105
1103
1109
1108
1107
1110
1109
1107
1111
1110
1107
1114
1113
1112
1117
1116
1115
1118
1117
1115
1119
1118
1115
1122
1121
1120
1123
1122
1120
1126
1125
1124
1127
1126
1124
1128
1127
1124
1131
1130
1129
1134
1133
1132
1135
1134
1132
1136
1135
1132
1139
1138
1137
1140
1139
1137
1143
1142
1141
1144
1143
1141
1147
1146
1145
1148
1147
1145
1151
1150
1149
1152
1151
1149
1155
1154
1153
1156
1155
1153
1157
1156
1153
1160
1159
1158
1161
1160
1158
1162
1161
1158
1163
1162
1158
1166
1165
1164
1167
1166
1164
1170
1169
1168
1173
1172
1171
1174
1173
1171
1175
1174
1171
1178
1177
1176
1181
1180
1179
1182
1181
1179
1183
1182
1179
1184
1183
1179
1185
1184
1179
1188
1187
1186
1189
1188
1186
1190
1189
1186
1193
1192
1191
1194
1193
1191
1197
1196
1195
1198
1197
1195
1201
1200
1199
1202
1201
1199
1203
1202
1199
1206
1205
1204
1207
1206
1204
1208
1207
1204
1211
1210
1209
1212
1211
1209
1213
1212
1209
1214
1213
1209
1217
1216
1215
1218
1217
1215
1221
1220
1219
1222
1221
1219
1225
1224
1223
1226
1225
1223
1227
1226
1223
1228
1227
1223
1229
1228
1223
1232
1231
1230
1235
1234
1233
1236
1235
1233
1239
1238
1237
1240
1239
1237
1243
1242
1241
1244
1243
1241
1245
1244
1241
1246
1245
1241
1247
1246
1241
1250
1249
1248
1251
1250
1248
1254
1253
1252
1255
1254
1252
1258
1257
1256
1259
1258
1256
1
3
0
3
2
0
2
1
0
3
2
0
4
3
0
7
6
5
8
7
5
1
3
0
3
2
0
2
1
0
3
2
0
4
3
0
7
6
5
8
7
5
9
8
5
1
3
0
3
2
0
2
1
0
3
2
0
4
3
0
5
4
0
6
5
0
9
8
7
10
9
7
11
10
7
14
13
12
17
16
15
18
17
15
21
20
19
22
21
19
25
24
23
26
25
23
27
26
23
28
27
23
31
30
29
34
33
32
35
34
32
36
35
32
39
38
37
40
39
37
43
42
41
44
43
41
47
46
45
48
47
45
49
48
45
50
49
45
53
52
51
56
55
54
57
56
54
58
57
54
59
58
54
60
59
54
1
3
0
3
2
0
0
1
2
0
2
3
4
5
6
4
6
7
1
3
0
3
2
0
0
1
2
0
2
3
1
3
0
3
2
0
0
1
2
0
2
3
1
3
0
3
2
0
0
1
2
0
2
3
4
5
6
4
6
7
1
3
0
3
2
0
0
1
2
0
2
3
0
3
4
1
3
0
3
2
0
0
1
2
0
2
3
1
3
0
3
2
0
0
1
2
3
4
5
3
5
6
3
6
7
3
7
8
1
3
0
3
2
0
0
1
2
0
2
3
4
5
6
4
6
7
1
3
0
3
2
0
0
1
2
0
2
3
1
3
0
3
2
0
2
1
0
3
2
0
4
3
0
7
6
5
8
7
5
9
8
5
1
3
0
3
2
0
2
1
0
3
2
0
4
3
0
1
3
0
3
2
0
2
1
0
3
2
0
1
3
0
3
2
0
0
1
2
0
2
3
1
3
0
3
2
0
0
1
2
0
2
3
0
3
4
1
3
0
3
2
0
0
1
2
0
2
3
0
3
4
1
3
0
3
2
0
0
1
2
0
2
3
0
3
4
1
3
0
3
2
0
2
1
0
3
2
0
1
3
0
3
2
0
0
1
2
0
2
3
1
3
0
3
2
0
2
1
0
5
4
3
6
5
3
7
6
3
1
3
0
3
2
0
0
1
2
0
2
3
0
3
4
5
6
7
5
7
8
1
3
0
3
2
0
0
1
2
0
2
3
4
5
6
4
6
7
8
9
10
8
10
11
12
13
14
12
14
15
1
3
0
3
2
0
0
1
2
0
2
3
0
3
4
1
3
0
3
2
0
2
1
0
3
2
0
4
3
0
7
6
5
8
7
5
9
8
5
10
9
5
13
12
11
14
13
11
15
14
11
18
17
16
19
18
16
20
19
16
1
3
0
3
2
0
2
1
0
3
2
0
6
5
4
7
6
4
10
9
8
11
10
8
14
13
12
15
14
12
1
3
0
3
2
0
0
1
2
0
2
3
4
5
6
4
6
7
1
3
0
3
2
0
0
1
2
0
2
3
1
3
0
3
2
0
2
1
0
1
3
0
3
2
0
2
1
0
3
2
0
4
3
0
7
6
5
8
7
5
9
8
5
12
11
10
13
12
10
16
15
14
17
16
14
18
17
14
21
20
19
22
21
19
23
22
19
26
25
24
27
26
24
28
27
24
29
28
24
32
31
30
33
32
30
36
35
34
37
36
34
40
39
38
41
40
38
44
43
42
45
44
42
48
47
46
49
48
46
52
51
50
53
52
50
54
53
50
57
56
55
58
57
55
59
58
55
60
59
55
63
62
61
64
63
61
65
64
61
68
67
66
69
68
66
72
71
70
73
72
70
76
75
74
77
76
74
80
79
78
81
80
78
82
81
78
83
82
78
86
85
84
87
86
84
88
87
84
91
90
89
92
91
89
95
94
93
96
95
93
97
96
93
100
99
98
101
100
98
104
103
102
105
104
102
106
105
102
109
108
107
112
111
110
113
112
110
114
113
110
117
116
115
118
117
115
121
120
119
122
121
119
125
124
123
126
125
123
127
126
123
130
129
128
131
130
128
134
133
132
135
134
132
136
135
132
139
138
137
140
139
137
141
140
137
144
143
142
145
144
142
148
147
146
149
148
146
150
149
146
153
152
151
154
153
151
155
154
151
156
155
151
159
158
157
160
159
157
161
160
157
164
163
162
165
164
162
168
167
166
169
168
166
170
169
166
173
172
171
174
173
171
177
176
175
178
177
175
179
178
175
180
179
175
183
182
181
184
183
181
187
186
185
188
187
185
191
190
189
192
191
189
195
194
193
196
195
193
199
198
197
200
199
197
201
200
197
204
203
202
205
204
202
206
205
202
209
208
207
210
209
207
213
212
211
214
213
211
217
216
215
218
217
215
219
218
215
222
221
220
223
222
220
226
225
224
227
226
224
230
229
228
231
230
228
234
233
232
235
234
232
238
237
236
239
238
236
1
3
0
3
2
0
0
1
2
0
2
3
1
3
0
3
2
0
0
1
2
0
2
3
1
3
0
3
2
0
2
1
0
3
2
0
4
3
0
5
4
0
6
5
0
7
6
0
8
7
0
9
8
0
10
9
0
11
10
0
14
13
12
15
14
12
18
17
16
19
18
16
1
3
0
3
2
0
0
1
2
0
2
3
4
5
6
4
6
7
1
3
0
3
2
0
0
1
2
0
2
3
1
3
0
3
2
0
0
1
2
0
2
3
1
3
0
3
2
0
0
1
2
0
2
3
1
3
0
3
2
0
0
1
2
0
2
3
4
5
6
4
6
7
1
3
0
3
2
0
0
1
2
0
2
3
0
3
4
0
4
5
0
5
6
7
8
9
7
9
10
11
12
13
11
13
14
1
3
0
3
2
0
0
1
2
0
2
3
1
3
0
3
2
0
2
1
0
3
2
0
1
3
0
3
2
0
0
1
2
0
2
3
0
3
4
1
3
0
3
2
0
0
1
2
0
2
3
0
3
4
0
4
5
1
3
0
3
2
0
0
1
2
0
2
3
1
3
0
3
2
0
0
1
2
0
2
3
0
3
4
5
6
7
1
3
0
3
2
0
0
1
2
0
2
3
4
5
6
4
6
7
4
7
8
4
8
9
4
9
10
1
3
0
3
2
0
0
1
2
0
2
3
4
5
6
4
6
7
8
9
10
8
10
11
12
13
14
12
14
15
1
3
0
3
2
0
0
1
2
0
2
3
4
5
6
4
6
7
4
7
8
9
10
11
9
11
12
9
12
13
1
3
0
3
2
0
0
1
2
0
2
3
1
3
0
3
2
0
2
1
0
3
2
0
6
5
4
7
6
4
10
9
8
11
10
8
14
13
12
15
14
12
16
15
12
19
18
17
22
21
20
23
22
20
1
3
0
3
2
0
0
1
2
0
2
3
0
3
4
0
4
5
0
5
6
7
8
9
10
11
12
10
12
13
14
15
16
14
16
17
14
17
18
19
20
21
19
21
22
19
22
23
24
25
26
24
26
27
24
27
28
29
30
31
29
31
32
33
34
35
33
35
36
33
36
37
1
3
0
3
2
0
0
1
2
0
2
3
4
5
6
4
6
7
4
7
8
1
3
0
3
2
0
0
1
2
0
2
3
0
3
4
5
6
7
5
7
8
5
8
9
1
3
0
3
2
0
0
1
2
3
4
5
3
5
6
1
3
0
3
2
0
0
1
2
0
2
3
4
5
6
4
6
7
4
7
8
9
10
11
9
11
12
13
14
15
13
15
16
1
3
0
3
2
0
0
1
2
0
2
3
4
5
6
4
6
7
8
9
10
8
10
11
12
13
14
12
14
15
12
15
16
1
3
0
3
2
0
0
1
2
0
2
3
4
5
6
4
6
7
4
7
8
4
8
9
4
9
10
1
3
0
3
2
0
0
1
2
0
2
3
1
3
0
3
2
0
2
1
0
3
2
0
4
3
0
1
3
0
3
2
0
0
1
2
0
2
3
1
3
0
3
2
0
0
1
2
0
2
3
1
3
0
3
2
0
2
1
0
3
2
0
1
3
0
3
2
0
2
1
0
3
2
0
6
5
4
7
6
4
10
9
8
11
10
8
14
13
12
15
14
12
18
17
16
19
18
16
22
21
20
23
22
20
1
3
0
3
2
0
2
1
0
3
2
0
4
3
0
7
6
5
8
7
5
1
3
0
3
2
0
2
1
0
3
2
0
4
3
0
7
6
5
8
7
5
9
8
5
12
11
10
13
12
10
14
13
10
17
16
15
18
17
15
21
20
19
22
21
19
25
24
23
26
25
23
29
28
27
30
29
27
31
30
27
34
33
32
35
34
32
38
37
36
39
38
36
1
3
0
3
2
0
0
1
2
0
2
3
1
3
0
3
2
0
2
1
0
3
2
0
1
3
0
3
2
0
0
1
2
1
3
0
3
2
0
0
1
2
0
2
3
1
3
0
3
2
0
2
1
0
3
2
0
6
5
4
7
6
4
10
9
8
11
10
8
14
13
12
15
14
12
18
17
16
19
18
16
20
19
16
23
22
21
24
23
21
27
26
25
28
27
25
31
30
29
32
31
29
33
32
29
36
35
34
37
36
34
40
39
38
43
42
41
44
43
41
47
46
45
48
47
45
1
3
0
3
2
0
0
1
2
0
2
3
4
5
6
4
6
7
8
9
10
8
10
11
1
3
0
3
2
0
0
1
2
0
2
3
0
3
4
1
3
0
3
2
0
2
1
0
3
2
0
4
3
0
5
4
0
1
3
0
3
2
0
2
1
0
3
2
0
6
5
4
7
6
4
8
7
4
9
8
4
10
9
4
11
10
4
14
13
12
15
14
12
16
15
12
17
16
12
20
19
18
21
20
18
22
21
18
23
22
18
24
23
18
25
24
18
26
25
18
27
26
18
28
27
18
31
30
29
32
31
29
33
32
29
34
33
29
37
36
35
38
37
35
39
38
35
42
41
40
43
42
40
44
43
40
47
46
45
48
47
45
49
48
45
52
51
50
53
52
50
54
53
50
57
56
55
58
57
55
59
58
55
60
59
55
61
60
55
62
61
55
63
62
55
66
65
64
67
66
64
70
69
68
71
70
68
72
71
68
75
74
73
76
75
73
79
78
77
80
79
77
81
80
77
84
83
82
87
86
85
88
87
85
89
88
85
92
91
90
93
92
90
94
93
90
95
94
90
98
97
96
101
100
99
102
101
99
105
104
103
106
105
103
107
106
103
108
107
103
109
108
103
110
109
103
111
110
103
114
113
112
117
116
115
118
117
115
119
118
115
120
119
115
121
120
115
124
123
122
127
126
125
128
127
125
129
128
125
132
131
130
133
132
130
136
135
134
137
136
134
140
139
138
141
140
138
144
143
142
145
144
142
146
145
142
149
148
147
150
149
147
153
152
151
154
153
151
157
156
155
158
157
155
159
158
155
162
161
160
163
162
160
164
163
160
165
164
160
168
167
166
169
168
166
172
171
170
173
172
170
176
175
174
177
176
174
180
179
178
181
180
178
182
181
178
183
182
178
184
183
178
187
186
185
190
189
188
191
190
188
192
191
188
193
192
188
196
195
194
199
198
197
200
199
197
203
202
201
204
203
201
207
206
205
210
209
208
211
210
208
212
211
208
215
214
213
216
215
213
217
216
213
220
219
218
221
220
218
222
221
218
223
222
218
224
223
218
227
226
225
228
227
225
229
228
225
230
229
225
231
230
225
232
231
225
233
232
225
234
233
225
237
236
235
238
237
235
239
238
235
240
239
235
241
240
235
244
243
242
245
244
242
248
247
246
249
248
246
250
249
246
251
250
246
252
251
246
253
252
246
254
253
246
257
256
255
260
259
258
261
260
258
262
261
258
263
262
258
264
263
258
267
266
265
268
267
265
271
270
269
272
271
269
273
272
269
274
273
269
275
274
269
278
277
276
279
278
276
282
281
280
283
282
280
286
285
284
287
286
284
288
287
284
289
288
284
292
291
290
293
292
290
296
295
294
297
296
294
298
297
294
301
300
299
302
301
299
303
302
299
306
305
304
307
306
304
310
309
308
311
310
308
314
313
312
315
314
312
318
317
316
319
318
316
320
319
316
323
322
321
324
323
321
325
324
321
328
327
326
329
328
326
330
329
326
333
332
331
334
333
331
335
334
331
338
337
336
339
338
336
340
339
336
343
342
341
344
343
341
345
344
341
346
345
341
347
346
341
350
349
348
351
350
348
352
351
348
355
354
353
358
357
356
359
358
356
360
359
356
361
360
356
362
361
356
363
362
356
366
365
364
367
366
364
368
367
364
369
368
364
370
369
364
371
370
364
372
371
364
375
374
373
376
375
373
377
376
373
380
379
378
381
380
378
382
381
378
385
384
383
386
385
383
387
386
383
388
387
383
389
388
383
392
391
390
395
394
393
396
395
393
399
398
397
400
399
397
401
400
397
404
403
402
407
406
405
408
407
405
409
408
405
412
411
410
413
412
410
414
413
410
415
414
410
418
417
416
421
420
419
422
421
419
423
422
419
426
425
424
427
426
424
430
429
428
433
432
431
434
433
431
435
434
431
436
435
431
437
436
431
438
437
431
441
440
439
442
441
439
445
444
443
446
445
443
447
446
443
450
449
448
451
450
448
454
453
452
455
454
452
1
3
0
3
2
0
0
1
2
0
2
3
1
3
0
3
2
0
0
1
2
0
2
3
0
3
4
0
4
5
0
5
6
0
6
7
0
7
8
0
8
9
0
9
10
11
12
13
14
15
16
14
16
17
14
17
18
14
18
19
20
21
22
20
22
23
24
25
26
24
26
27
24
27
28
1
3
0
3
2
0
0
1
2
0
2
3
1
3
0
3
2
0
0
1
2
0
2
3
4
5
6
4
6
7
1
3
0
3
2
0
0
1
2
0
2
3
1
3
0
3
2
0
2
1
0
1
3
0
3
2
0
0
1
2
0
2
3
0
3
4
5
6
7
5
7
8
1
3
0
3
2
0
0
1
2
0
2
3
4
5
6
4
6
7
1
3
0
3
2
0
0
1
2
1
3
0
3
2
0
2
1
0
3
2
0
6
5
4
7
6
4
1
3
0
3
2
0
0
1
2
0
2
3
1
3
0
3
2
0
2
1
0
3
2
0
4
3
0
7
6
5
8
7
5
1
3
0
3
2
0
0
1
2
0
2
3
1
3
0
3
2
0
0
1
2
0
2
3
0
3
4
0
4
5
6
7
8
6
8
9
10
11
12
10
12
13
10
13
14
1
3
0
3
2
0
0
1
2
0
2
3
0
3
4
0
4
5
1
3
0
3
2
0
2
1
0
3
2
0
4
3
0
5
4
0
8
7
6
9
8
6
10
9
6
11
10
6
14
13
12
15
14
12
16
15
12
19
18
17
20
19
17
23
22
21
24
23
21
25
24
21
26
25
21
29
28
27
30
29
27
31
30
27
32
31
27
33
32
27
36
35
34
37
36
34
40
39
38
1
3
0
3
2
0
2
1
0
3
2
0
1
3
0
3
2
0
2
1
0
3
2
0
4
3
0
5
4
0
6
5
0
9
8
7
10
9
7
11
10
7
1
3
0
3
2
0
2
1
0
3
2
0
6
5
4
7
6
4
8
7
4
11
10
9
12
11
9
13
12
9
14
13
9
17
16
15
18
17
15
21
20
19
22
21
19
25
24
23
26
25
23
27
26
23
30
29
28
31
30
28
34
33
32
35
34
32
36
35
32
37
36
32
40
39
38
41
40
38
42
41
38
45
44
43
46
45
43
49
48
47
50
49
47
53
52
51
54
53
51
57
56
55
58
57
55
61
60
59
62
61
59
63
62
59
64
63
59
65
64
59
68
67
66
69
68
66
72
71
70
73
72
70
76
75
74
77
76
74
80
79
78
81
80
78
84
83
82
85
84
82
88
87
86
89
88
86
92
91
90
93
92
90
96
95
94
97
96
94
98
97
94
99
98
94
102
101
100
103
102
100
104
103
100
107
106
105
108
107
105
111
110
109
112
111
109
115
114
113
116
115
113
119
118
117
120
119
117
121
120
117
1
3
0
3
2
0
0
1
2
0
2
3
4
5
6
4
6
7
8
9
10
8
10
11
12
13
14
12
14
15
12
15
16
12
16
17
18
19
20
18
20
21
22
23
24
22
24
25
26
27
28
26
28
29
30
31
32
30
32
33
34
35
36
34
36
37
1
3
0
3
2
0
0
1
2
0
2
3
1
3
0
3
2
0
0
1
2
0
2
3
1
3
0
3
2
0
0
1
2
0
2
3
4
5
6
4
6
7
1
3
0
3
2
0
0
1
2
0
2
3
1
3
0
3
2
0
0
1
2
1
3
0
3
2
0
2
1
0
3
2
0
1
3
0
3
2
0
2
1
0
3
2
0
6
5
4
7
6
4
8
7
4
11
10
9
12
11
9
13
12
9
16
15
14
17
16
14
20
19
18
21
20
18
24
23
22
25
24
22
26
25
22
29
28
27
30
29
27
33
32
31
34
33
31
37
36
35
38
37
35
39
38
35
40
39
35
41
40
35
42
41
35
43
42
35
46
45
44
47
46
44
50
49
48
51
50
48
52
51
48
55
54
53
56
55
53
57
56
53
60
59
58
61
60
58
64
63
62
65
64
62
66
65
62
69
68
67
70
69
67
71
70
67
1
3
0
3
2
0
0
1
2
0
2
3
1
3
0
3
2
0
0
1
2
0
2
3
1
3
0
3
2
0
0
1
2
0
2
3
0
3
4
1
3
0
3
2
0
2
1
0
3
2
0
1
3
0
3
2
0
2
1
0
3
2
0
1
3
0
3
2
0
0
1
2
0
2
3
0
3
4
5
6
7
5
7
8
5
8
9
1
3
0
3
2
0
0
1
2
0
2
3
0
3
4
0
4
5
1
3
0
3
2
0
0
1
2
0
2
3
4
5
6
4
6
7
8
9
10
8
10
11
8
11
12
13
14
15
13
15
16
1
3
0
3
2
0
0
1
2
0
2
3
0
3
4
1
3
0
3
2
0
2
1
0
3
2
0
4
3
0
1
3
0
3
2
0
2
1
0
3
2
0
6
5
4
7
6
4
10
9
8
11
10
8
14
13
12
15
14
12
1
3
0
3
2
0
2
1
0
3
2
0
4
3
0
7
6
5
8
7
5
9
8
5
10
9
5
13
12
11
14
13
11
15
14
11
16
15
11
1
3
0
3
2
0
0
1
2
0
2
3
0
3
4
0
4
5
0
5
6
1
3
0
3
2
0
0
1
2
0
2
3
0
3
4
5
6
7
5
7
8
1
3
0
3
2
0
0
1
2
0
2
3
4
5
6
4
6
7
1
3
0
3
2
0
2
1
0
3
2
0
4
3
0
5
4
0
6
5
0
9
8
7
10
9
7
11
10
7
12
11
7
15
14
13
16
15
13
17
16
13
20
19
18
21
20
18
24
23
22
25
24
22
28
27
26
29
28
26
32
31
30
33
32
30
34
33
30
37
36
35
38
37
35
39
38
35
42
41
40
43
42
40
46
45
44
47
46
44
50
49
48
51
50
48
52
51
48
55
54
53
56
55
53
57
56
53
58
57
53
61
60
59
62
61
59
65
64
63
66
65
63
69
68
67
70
69
67
71
70
67
74
73
72
75
74
72
78
77
76
79
78
76
80
79
76
83
82
81
84
83
81
87
86
85
88
87
85
91
90
89
92
91
89
93
92
89
96
95
94
97
96
94
100
99
98
101
100
98
102
101
98
105
104
103
106
105
103
109
108
107
110
109
107
113
112
111
114
113
111
115
114
111
116
115
111
119
118
117
120
119
117
123
122
121
124
123
121
127
126
125
128
127
125
131
130
129
132
131
129
135
134
133
136
135
133
139
138
137
140
139
137
141
140
137
144
143
142
145
144
142
146
145
142
149
148
147
150
149
147
151
150
147
154
153
152
155
154
152
158
157
156
159
158
156
162
161
160
163
162
160
166
165
164
167
166
164
168
167
164
171
170
169
172
171
169
175
174
173
176
175
173
179
178
177
180
179
177
183
182
181
184
183
181
185
184
181
188
187
186
189
188
186
192
191
190
193
192
190
196
195
194
197
196
194
200
199
198
201
200
198
1
3
0
3
2
0
2
1
0
3
2
0
4
3
0
5
4
0
6
5
0
1
3
0
3
2
0
0
1
2
0
2
3
4
5
6
4
6
7
8
9
10
8
10
11
8
11
12
13
14
15
13
15
16
1
3
0
3
2
0
0
1
2
0
2
3
0
3
4
5
6
7
5
7
8
9
10
11
9
11
12
13
14
15
13
15
16
1
3
0
3
2
0
2
1
0
3
2
0
1
3
0
3
2
0
0
1
2
0
2
3
0
3
4
0
4
5
0
5
6
7
8
9
10
11
12
10
12
13
10
13
14
10
14
15
16
17
18
19
20
21
19
21
22
19
22
23
24
25
26
27
28
29
27
29
30
31
32
33
31
33
34
31
34
35
1
3
0
3
2
0
0
1
2
0
2
3
1
3
0
3
2
0
0
1
2
0
2
3
4
5
6
4
6
7
4
7
8
9
10
11
9
11
12
9
12
13
1
3
0
3
2
0
0
1
2
0
2
3
4
5
6
4
6
7
1
3
0
3
2
0
0
1
2
0
2
3
4
5
6
4
6
7
8
9
10
8
10
11
1
3
0
3
2
0
0
1
2
0
2
3
0
3
4
1
3
0
3
2
0
2
1
0
3
2
0
1
3
0
3
2
0
2
1
0
3
2
0
4
3
0
7
6
5
8
7
5
9
8
5
1
3
0
3
2
0
0
1
2
0
2
3
1
3
0
3
2
0
2
1
0
3
2
0
1
3
0
3
2
0
2
1
0
3
2
0
4
3
0
5
4
0
8
7
6
9
8
6
12
11
10
13
12
10
14
13
10
1
3
0
3
2
0
0
1
2
0
2
3
1
3
0
3
2
0
0
1
2
0
2
3
4
5
6
4
6
7
1
3
0
3
2
0
0
1
2
0
2
3
4
5
6
4
6
7
4
7
8
9
10
11
9
11
12
9
12
13
1
3
0
3
2
0
0
1
2
0
2
3
0
3
4
1
3
0
3
2
0
0
1
2
0
2
3
1
3
0
3
2
0
2
1
0
3
2
0
4
3
0
1
3
0
3
2
0
0
1
2
0
2
3
4
5
6
4
6
7
1
3
0
3
2
0
2
1
0
3
2
0
4
3
0
5
4
0
1
3
0
3
2
0
0
1
2
0
2
3
4
5
6
4
6
7
4
7
8
9
10
11
9
11
12
9
12
13
14
15
16
14
16
17
14
17
18
14
18
19
20
21
22
20
22
23
1
3
0
3
2
0
0
1
2
0
2
3
0
3
4
1
3
0
3
2
0
0
1
2
0
2
3
1
3
0
3
2
0
0
1
2
0
2
3
4
5
6
4
6
7
4
7
8
1
3
0
3
2
0
2
1
0
1
3
0
3
2
0
2
1
0
3
2
0
1
3
0
3
2
0
2
1
0
3
2
0
6
5
4
7
6
4
10
9
8
11
10
8
14
13
12
15
14
12
16
15
12
19
18
17
20
19
17
23
22
21
24
23
21
27
26
25
28
27
25
1
3
0
3
2
0
0
1
2
0
2
3
1
3
0
3
2
0
0
1
2
0
2
3
1
3
0
3
2
0
2
1
0
3
2
0
6
5
4
7
6
4
1
3
0
3
2
0
0
1
2
0
2
3
1
3
0
3
2
0
2
1
0
3
2
0
1
3
0
3
2
0
0
1
2
0
2
3
1
3
0
3
2
0
0
1
2
0
2
3
4
5
6
4
6
7
4
7
8
9
10
11
9
11
12
13
14
15
13
15
16
13
16
17
18
19
20
18
20
21
18
21
22
1
3
0
3
2
0
0
1
2
0
2
3
4
5
6
4
6
7
8
9
10
8
10
11
8
11
12
1
3
0
3
2
0
2
1
0
3
2
0
4
3
0
7
6
5
8
7
5
11
10
9
12
11
9
15
14
13
16
15
13
19
18
17
20
19
17
21
20
17
24
23
22
1
3
0
3
2
0
0
1
2
0
2
3
1
3
0
3
2
0
2
1
0
3
2
0
1
3
0
3
2
0
2
1
0
5
4
3
6
5
3
9
8
7
10
9
7
11
10
7
14
13
12
15
14
12
18
17
16
19
18
16
20
19
16
23
22
21
24
23
21
27
26
25
28
27
25
29
28
25
30
29
25
31
30
25
32
31
25
33
32
25
34
33
25
35
34
25
36
35
25
37
36
25
40
39
38
41
40
38
42
41
38
45
44
43
48
47
46
49
48
46
50
49
46
53
52
51
54
53
51
55
54
51
56
55
51
59
58
57
62
61
60
63
62
60
64
63
60
67
66
65
70
69
68
71
70
68
74
73
72
75
74
72
76
75
72
79
78
77
80
79
77
81
80
77
84
83
82
85
84
82
86
85
82
87
86
82
90
89
88
91
90
88
1
3
0
3
2
0
0
1
2
0
2
3
1
3
0
3
2
0
0
1
2
0
2
3
4
5
6
4
6
7
1
3
0
3
2
0
0
1
2
0
2
3
4
5
6
4
6
7
1
3
0
3
2
0
0
1
2
0
2
3
1
3
0
3
2
0
2
1
0
3
2
0
4
3
0
5
4
0
1
3
0
3
2
0
0
1
2
1
3
0
3
2
0
0
1
2
0
2
3
1
3
0
3
2
0
2
1
0
3
2
0
4
3
0
5
4
0
8
7
6
9
8
6
12
11
10
13
12
10
16
15
14
17
16
14
20
19
18
21
20
18
22
21
18
25
24
23
26
25
23
27
26
23
30
29
28
31
30
28
34
33
32
35
34
32
38
37
36
39
38
36
1
3
0
3
2
0
0
1
2
0
2
3
0
3
4
0
4
5
6
7
8
9
10
11
9
11
12
9
12
13
9
13
14
9
14
15
9
15
16
1
3
0
3
2
0
0
1
2
0
2
3
0
3
4
5
6
7
5
7
8
5
8
9
5
9
10
1
3
0
3
2
0
0
1
2
0
2
3
4
5
6
4
6
7
8
9
10
8
10
11
8
11
12
8
12
13
1
3
0
3
2
0
2
1
0
3
2
0
1
3
0
3
2
0
2
1
0
3
2
0
1
3
0
3
2
0
2
1
0
3
2
0
1
3
0
3
2
0
0
1
2
0
2
3
0
3
4
1
3
0
3
2
0
2
1
0
3
2
0
1
3
0
3
2
0
0
1
2
0
2
3
1
3
0
3
2
0
2
1
0
3
2
0
4
3
0
7
6
5
1
3
0
3
2
0
2
1
0
3
2
0
1
3
0
3
2
0
0
1
2
0
2
3
1
3
0
3
2
0
0
1
2
0
2
3
0
3
4
0
4
5
1
3
0
3
2
0
0
1
2
0
2
3
1
3
0
3
2
0
2
1
0
3
2
0
6
5
4
7
6
4
8
7
4
1
3
0
3
2
0
2
1
0
3
2
0
6
5
4
7
6
4
8
7
4
9
8
4
10
9
4
11
10
4
14
13
12
15
14
12
16
15
12
19
18
17
22
21
20
23
22
20
24
23
20
27
26
25
28
27
25
29
28
25
30
29
25
31
30
25
34
33
32
35
34
32
38
37
36
41
40
39
42
41
39
43
42
39
44
43
39
45
44
39
48
47
46
49
48
46
50
49
46
53
52
51
54
53
51
55
54
51
56
55
51
59
58
57
60
59
57
63
62
61
64
63
61
67
66
65
68
67
65
71
70
69
72
71
69
73
72
69
76
75
74
77
76
74
78
77
74
79
78
74
80
79
74
83
82
81
84
83
81
85
84
81
88
87
86
89
88
86
90
89
86
93
92
91
94
93
91
95
94
91
96
95
91
97
96
91
100
99
98
101
100
98
102
101
98
105
104
103
106
105
103
107
106
103
110
109
108
113
112
111
114
113
111
117
116
115
118
117
115
121
120
119
122
121
119
123
122
119
124
123
119
127
126
125
128
127
125
131
130
129
132
131
129
133
132
129
134
133
129
137
136
135
138
137
135
139
138
135
142
141
140
143
142
140
144
143
140
147
146
145
148
147
145
149
148
145
150
149
145
151
150
145
154
153
152
155
154
152
156
155
152
159
158
157
160
159
157
161
160
157
162
161
157
163
162
157
166
165
164
167
166
164
170
169
168
171
170
168
172
171
168
175
174
173
176
175
173
179
178
177
180
179
177
181
180
177
184
183
182
187
186
185
188
187
185
189
188
185
190
189
185
193
192
191
196
195
194
197
196
194
198
197
194
201
200
199
202
201
199
203
202
199
204
203
199
207
206
205
208
207
205
209
208
205
210
209
205
213
212
211
214
213
211
217
216
215
218
217
215
221
220
219
222
221
219
223
222
219
224
223
219
227
226
225
228
227
225
231
230
229
232
231
229
233
232
229
236
235
234
237
236
234
240
239
238
241
240
238
244
243
242
245
244
242
248
247
246
249
248
246
250
249
246
253
252
251
254
253
251
257
256
255
258
257
255
261
260
259
262
261
259
263
262
259
266
265
264
269
268
267
270
269
267
271
270
267
272
271
267
273
272
267
274
273
267
277
276
275
280
279
278
281
280
278
282
281
278
283
282
278
284
283
278
285
284
278
288
287
286
289
288
286
290
289
286
291
290
286
292
291
286
293
292
286
294
293
286
295
294
286
296
295
286
297
296
286
300
299
298
301
300
298
302
301
298
303
302
298
306
305
304
307
306
304
310
309
308
311
310
308
314
313
312
315
314
312
316
315
312
317
316
312
320
319
318
321
320
318
322
321
318
325
324
323
326
325
323
329
328
327
330
329
327
331
330
327
332
331
327
333
332
327
334
333
327
337
336
335
340
339
338
341
340
338
342
341
338
345
344
343
348
347
346
349
348
346
352
351
350
355
354
353
356
355
353
357
356
353
360
359
358
361
360
358
364
363
362
365
364
362
366
365
362
369
368
367
370
369
367
371
370
367
374
373
372
375
374
372
378
377
376
379
378
376
380
379
376
383
382
381
384
383
381
387
386
385
388
387
385
389
388
385
392
391
390
393
392
390
396
395
394
397
396
394
398
397
394
399
398
394
400
399
394
401
400
394
404
403
402
405
404
402
406
405
402
409
408
407
410
409
407
411
410
407
414
413
412
415
414
412
418
417
416
421
420
419
422
421
419
423
422
419
424
423
419
425
424
419
426
425
419
427
426
419
430
429
428
431
430
428
434
433
432
435
434
432
438
437
436
441
440
439
442
441
439
443
442
439
446
445
444
447
446
444
448
447
444
451
450
449
452
451
449
455
454
453
456
455
453
457
456
453
460
459
458
461
460
458
462
461
458
465
464
463
466
465
463
467
466
463
470
469
468
473
472
471
474
473
471
475
474
471
476
475
471
479
478
477
480
479
477
483
482
481
484
483
481
487
486
485
488
487
485
491
490
489
492
491
489
495
494
493
496
495
493
499
498
497
502
501
500
503
502
500
506
505
504
507
506
504
508
507
504
509
508
504
510
509
504
513
512
511
514
513
511
517
516
515
518
517
515
521
520
519
524
523
522
527
526
525
528
527
525
1
3
0
3
2
0
0
1
2
0
2
3
1
3
0
3
2
0
0
1
2
0
2
3
1
3
0
3
2
0
2
1
0
3
2
0
1
3
0
3
2
0
2
1
0
5
4
3
6
5
3
7
6
3
10
9
8
11
10
8
14
13
12
17
16
15
18
17
15
19
18
15
22
21
20
25
24
23
26
25
23
27
26
23
30
29
28
31
30
28
34
33
32
35
34
32
36
35
32
37
36
32
40
39
38
41
40
38
42
41
38
43
42
38
46
45
44
1
3
0
3
2
0
0
1
2
0
2
3
0
3
4
1
3
0
3
2
0
0
1
2
0
2
3
1
3
0
3
2
0
2
1
0
3
2
0
1
3
0
3
2
0
0
1
2
0
2
3
0
3
4
1
3
0
3
2
0
0
1
2
0
2
3
0
3
4
1
3
0
3
2
0
0
1
2
0
2
3
0
3
4
5
6
7
5
7
8
9
10
11
9
11
12
13
14
15
13
15
16
13
16
17
1
3
0
3
2
0
0
1
2
3
4
5
3
5
6
3
6
7
1
3
0
3
2
0
2
1
0
3
2
0
1
3
0
3
2
0
0
1
2
0
2
3
4
5
6
4
6
7
1
3
0
3
2
0
0
1
2
0
2
3
0
3
4
5
6
7
5
7
8
1
3
0
3
2
0
0
1
2
0
2
3
1
3
0
3
2
0
2
1
0
3
2
0
4
3
0
1
3
0
3
2
0
0
1
2
0
2
3
1
3
0
3
2
0
0
1
2
0
2
3
4
5
6
4
6
7
1
3
0
3
2
0
2
1
0
3
2
0
4
3
0
1
3
0
3
2
0
2
1
0
3
2
0
6
5
4
7
6
4
8
7
4
11
10
9
14
13
12
15
14
12
16
15
12
19
18
17
20
19
17
21
20
17
24
23
22
25
24
22
28
27
26
29
28
26
32
31
30
33
32
30
36
35
34
37
36
34
38
37
34
41
40
39
42
41
39
45
44
43
46
45
43
47
46
43
48
47
43
51
50
49
52
51
49
53
52
49
56
55
54
57
56
54
60
59
58
61
60
58
64
63
62
65
64
62
66
65
62
67
66
62
68
67
62
69
68
62
70
69
62
71
70
62
72
71
62
75
74
73
76
75
73
77
76
73
80
79
78
81
80
78
1
3
0
3
2
0
2
1
0
3
2
0
6
5
4
7
6
4
8
7
4
9
8
4
1
3
0
3
2
0
2
1
0
3
2
0
4
3
0
5
4
0
6
5
0
9
8
7
10
9
7
13
12
11
14
13
11
15
14
11
18
17
16
19
18
16
20
19
16
23
22
21
1
3
0
3
2
0
0
1
2
0
2
3
4
5
6
4
6
7
1
3
0
3
2
0
0
1
2
0
2
3
0
3
4
0
4
5
0
5
6
0
6
7
8
9
10
8
10
11
8
11
12
13
14
15
13
15
16
13
16
17
18
19
20
18
20
21
18
21
22
23
24
25
23
25
26
27
28
29
27
29
30
27
30
31
27
31
32
33
34
35
33
35
36
33
36
37
38
39
40
38
40
41
38
41
42
43
44
45
43
45
46
43
46
47
48
49
50
51
52
53
51
53
54
51
54
55
56
57
58
56
58
59
56
59
60
61
62
63
61
63
64
61
64
65
61
65
66
61
66
67
68
69
70
68
70
71
68
71
72
68
72
73
74
75
76
74
76
77
74
77
78
79
80
81
79
81
82
83
84
85
83
85
86
87
88
89
87
89
90
87
90
91
87
91
92
87
92
93
87
93
94
87
94
95
96
97
98
96
98
99
96
99
100
96
100
101
102
103
104
105
106
107
105
107
108
105
108
109
105
109
110
105
110
111
105
111
112
113
114
115
113
115
116
117
118
119
117
119
120
121
122
123
121
123
124
121
124
125
121
125
126
121
126
127
121
127
128
121
128
129
130
131
132
133
134
135
133
135
136
133
136
137
133
137
138
133
138
139
140
141
142
140
142
143
140
143
144
145
146
147
148
149
150
148
150
151
148
151
152
148
152
153
154
155
156
154
156
157
158
159
160
158
160
161
158
161
162
163
164
165
163
165
166
163
166
167
163
167
168
163
168
169
163
169
170
163
170
171
172
173
174
175
176
177
175
177
178
175
178
179
175
179
180
181
182
183
184
185
186
184
186
187
184
187
188
189
190
191
189
191
192
189
192
193
189
193
194
195
196
197
195
197
198
199
200
201
199
201
202
203
204
205
203
205
206
203
206
207
203
207
208
209
210
211
212
213
214
212
214
215
216
217
218
216
218
219
216
219
220
221
222
223
224
225
226
224
226
227
224
227
228
229
230
231
229
231
232
233
234
235
233
235
236
237
238
239
237
239
240
237
240
241
237
241
242
243
244
245
243
245
246
243
246
247
243
247
248
243
248
249
250
251
252
1
3
0
3
2
0
0
1
2
0
2
3
4
5
6
4
6
7
8
9
10
8
10
11
8
11
12
8
12
13
14
15
16
14
16
17
14
17
18
1
3
0
3
2
0
2
1
0
3
2
0
6
5
4
7
6
4
10
9
8
11
10
8
14
13
12
15
14
12
16
15
12
1
3
0
3
2
0
2
1
0
3
2
0
6
5
4
7
6
4
1
3
0
3
2
0
2
1
0
3
2
0
1
3
0
3
2
0
2
1
0
3
2
0
1
3
0
3
2
0
2
1
0
3
2
0
6
5
4
7
6
4
8
7
4
1
3
0
3
2
0
0
1
2
1
3
0
3
2
0
2
1
0
3
2
0
6
5
4
7
6
4
10
9
8
11
10
8
12
11
8
13
12
8
1
3
0
3
2
0
0
1
2
0
2
3
4
5
6
4
6
7
8
9
10
8
10
11
8
11
12
8
12
13
14
15
16
14
16
17
14
17
18
19
20
21
19
21
22
1
3
0
3
2
0
2
1
0
3
2
0
4
3
0
5
4
0
6
5
0
9
8
7
10
9
7
13
12
11
14
13
11
15
14
11
16
15
11
19
18
17
20
19
17
23
22
21
24
23
21
27
26
25
28
27
25
29
28
25
32
31
30
33
32
30
34
33
30
35
34
30
36
35
30
37
36
30
40
39
38
43
42
41
44
43
41
45
44
41
46
45
41
47
46
41
50
49
48
51
50
48
52
51
48
53
52
48
56
55
54
57
56
54
58
57
54
59
58
54
62
61
60
65
64
63
66
65
63
67
66
63
70
69
68
71
70
68
72
71
68
75
74
73
76
75
73
77
76
73
78
77
73
79
78
73
82
81
80
83
82
80
84
83
80
85
84
80
86
85
80
87
86
80
90
89
88
91
90
88
94
93
92
97
96
95
98
97
95
99
98
95
100
99
95
101
100
95
104
103
102
105
104
102
106
105
102
109
108
107
110
109
107
113
112
111
114
113
111
117
116
115
118
117
115
121
120
119
122
121
119
123
122
119
124
123
119
127
126
125
128
127
125
131
130
129
132
131
129
135
134
133
136
135
133
137
136
133
140
139
138
141
140
138
142
141
138
145
144
143
146
145
143
149
148
147
150
149
147
151
150
147
152
151
147
155
154
153
156
155
153
157
156
153
160
159
158
161
160
158
164
163
162
165
164
162
166
165
162
169
168
167
170
169
167
173
172
171
174
173
171
175
174
171
178
177
176
179
178
176
180
179
176
183
182
181
184
183
181
185
184
181
188
187
186
189
188
186
190
189
186
191
190
186
194
193
192
195
194
192
196
195
192
199
198
197
200
199
197
203
202
201
204
203
201
205
204
201
208
207
206
209
208
206
212
211
210
213
212
210
214
213
210
215
214
210
218
217
216
219
218
216
222
221
220
223
222
220
224
223
220
227
226
225
228
227
225
231
230
229
232
231
229
235
234
233
236
235
233
239
238
237
240
239
237
243
242
241
244
243
241
245
244
241
1
3
0
3
2
0
0
1
2
0
2
3
0
3
4
5
6
7
5
7
8
9
10
11
9
11
12
9
12
13
9
13
14
9
14
15
9
15
16
9
16
17
1
3
0
3
2
0
2
1
0
3
2
0
4
3
0
5
4
0
6
5
0
9
8
7
10
9
7
13
12
11
14
13
11
17
16
15
18
17
15
19
18
15
22
21
20
23
22
20
24
23
20
27
26
25
28
27
25
29
28
25
32
31
30
33
32
30
34
33
30
37
36
35
38
37
35
39
38
35
40
39
35
41
40
35
44
43
42
47
46
45
48
47
45
49
48
45
50
49
45
51
50
45
54
53
52
57
56
55
58
57
55
61
60
59
62
61
59
65
64
63
66
65
63
67
66
63
68
67
63
69
68
63
72
71
70
75
74
73
76
75
73
77
76
73
78
77
73
79
78
73
80
79
73
83
82
81
84
83
81
87
86
85
88
87
85
91
90
89
92
91
89
93
92
89
94
93
89
95
94
89
98
97
96
99
98
96
100
99
96
101
100
96
104
103
102
105
104
102
106
105
102
107
106
102
108
107
102
111
110
109
112
111
109
113
112
109
114
113
109
115
114
109
116
115
109
119
118
117
122
121
120
123
122
120
124
123
120
127
126
125
128
127
125
131
130
129
132
131
129
135
134
133
136
135
133
137
136
133
138
137
133
139
138
133
142
141
140
143
142
140
146
145
144
147
146
144
150
149
148
151
150
148
154
153
152
155
154
152
156
155
152
159
158
157
160
159
157
161
160
157
164
163
162
165
164
162
166
165
162
167
166
162
170
169
168
171
170
168
174
173
172
175
174
172
176
175
172
179
178
177
180
179
177
181
180
177
184
183
182
185
184
182
186
185
182
189
188
187
190
189
187
191
190
187
194
193
192
195
194
192
196
195
192
199
198
197
200
199
197
203
202
201
204
203
201
207
206
205
208
207
205
209
208
205
212
211
210
213
212
210
214
213
210
1
3
0
3
2
0
0
1
2
0
2
3
4
5
6
4
6
7
8
9
10
8
10
11
12
13
14
12
14
15
1
3
0
3
2
0
2
1
0
3
2
0
4
3
0
7
6
5
8
7
5
1
3
0
3
2
0
2
1
0
3
2
0
4
3
0
5
4
0
6
5
0
7
6
0
8
7
0
9
8
0
10
9
0
11
10
0
12
11
0
13
12
0
16
15
14
17
16
14
18
17
14
21
20
19
22
21
19
25
24
23
26
25
23
29
28
27
30
29
27
33
32
31
34
33
31
35
34
31
38
37
36
39
38
36
40
39
36
43
42
41
44
43
41
45
44
41
46
45
41
49
48
47
50
49
47
51
50
47
54
53
52
55
54
52
58
57
56
59
58
56
62
61
60
63
62
60
66
65
64
67
66
64
68
67
64
71
70
69
72
71
69
75
74
73
76
75
73
77
76
73
78
77
73
81
80
79
82
81
79
85
84
83
88
87
86
89
88
86
90
89
86
91
90
86
92
91
86
93
92
86
94
93
86
95
94
86
96
95
86
97
96
86
98
97
86
101
100
99
102
101
99
103
102
99
106
105
104
107
106
104
108
107
104
109
108
104
112
111
110
113
112
110
116
115
114
117
116
114
118
117
114
119
118
114
122
121
120
123
122
120
124
123
120
127
126
125
128
127
125
131
130
129
132
131
129
133
132
129
136
135
134
137
136
134
140
139
138
141
140
138
142
141
138
143
142
138
146
145
144
147
146
144
150
149
148
151
150
148
154
153
152
155
154
152
156
155
152
157
156
152
158
157
152
159
158
152
160
159
152
161
160
152
162
161
152
163
162
152
164
163
152
167
166
165
168
167
165
171
170
169
172
171
169
175
174
173
176
175
173
177
176
173
178
177
173
181
180
179
182
181
179
185
184
183
186
185
183
187
186
183
190
189
188
191
190
188
194
193
192
195
194
192
198
197
196
199
198
196
200
199
196
203
202
201
204
203
201
207
206
205
208
207
205
211
210
209
212
211
209
215
214
213
218
217
216
219
218
216
222
221
220
223
222
220
224
223
220
225
224
220
228
227
226
229
228
226
230
229
226
231
230
226
234
233
232
235
234
232
236
235
232
239
238
237
240
239
237
241
240
237
244
243
242
245
244
242
246
245
242
247
246
242
248
247
242
249
248
242
250
249
242
253
252
251
254
253
251
257
256
255
258
257
255
259
258
255
262
261
260
263
262
260
266
265
264
267
266
264
270
269
268
271
270
268
272
271
268
273
272
268
276
275
274
277
276
274
280
279
278
281
280
278
282
281
278
285
284
283
286
285
283
289
288
287
290
289
287
293
292
291
296
295
294
297
296
294
300
299
298
301
300
298
304
303
302
305
304
302
306
305
302
309
308
307
310
309
307
311
310
307
312
311
307
313
312
307
314
313
307
315
314
307
318
317
316
319
318
316
322
321
320
323
322
320
326
325
324
327
326
324
328
327
324
331
330
329
332
331
329
335
334
333
336
335
333
337
336
333
340
339
338
341
340
338
344
343
342
345
344
342
348
347
346
349
348
346
350
349
346
353
352
351
354
353
351
357
356
355
358
357
355
359
358
355
360
359
355
361
360
355
364
363
362
365
364
362
368
367
366
369
368
366
372
371
370
375
374
373
376
375
373
377
376
373
378
377
373
381
380
379
382
381
379
385
384
383
386
385
383
389
388
387
392
391
390
393
392
390
396
395
394
397
396
394
400
399
398
401
400
398
404
403
402
405
404
402
406
405
402
407
406
402
410
409
408
411
410
408
412
411
408
413
412
408
414
413
408
417
416
415
418
417
415
419
418
415
422
421
420
423
422
420
426
425
424
427
426
424
428
427
424
431
430
429
432
431
429
433
432
429
436
435
434
439
438
437
440
439
437
443
442
441
444
443
441
447
446
445
448
447
445
449
448
445
452
451
450
453
452
450
454
453
450
457
456
455
460
459
458
461
460
458
462
461
458
463
462
458
466
465
464
469
468
467
472
471
470
473
472
470
476
475
474
477
476
474
478
477
474
479
478
474
482
481
480
483
482
480
486
485
484
487
486
484
1
3
0
3
2
0
2
1
0
5
4
3
6
5
3
1
3
0
3
2
0
2
1
0
3
2
0
4
3
0
7
6
5
8
7
5
9
8
5
12
11
10
13
12
10
14
13
10
15
14
10
16
15
10
19
18
17
20
19
17
23
22
21
24
23
21
27
26
25
28
27
25
31
30
29
32
31
29
35
34
33
36
35
33
39
38
37
40
39
37
41
40
37
42
41
37
43
42
37
46
45
44
47
46
44
48
47
44
51
50
49
52
51
49
53
52
49
54
53
49
57
56
55
58
57
55
61
60
59
62
61
59
63
62
59
66
65
64
67
66
64
70
69
68
71
70
68
74
73
72
75
74
72
76
75
72
77
76
72
80
79
78
81
80
78
82
81
78
83
82
78
84
83
78
87
86
85
88
87
85
89
88
85
90
89
85
93
92
91
94
93
91
97
96
95
98
97
95
101
100
99
102
101
99
103
102
99
106
105
104
107
106
104
108
107
104
109
108
104
110
109
104
113
112
111
114
113
111
115
114
111
118
117
116
119
118
116
120
119
116
123
122
121
126
125
124
127
126
124
130
129
128
131
130
128
132
131
128
135
134
133
136
135
133
139
138
137
140
139
137
143
142
141
144
143
141
147
146
145
148
147
145
151
150
149
152
151
149
153
152
149
156
155
154
157
156
154
158
157
154
161
160
159
162
161
159
165
164
163
166
165
163
169
168
167
170
169
167
171
170
167
174
173
172
175
174
172
178
177
176
179
178
176
182
181
180
183
182
180
186
185
184
187
186
184
188
187
184
189
188
184
192
191
190
193
192
190
196
195
194
197
196
194
198
197
194
199
198
194
200
199
194
203
202
201
204
203
201
205
204
201
208
207
206
209
208
206
210
209
206
211
210
206
214
213
212
215
214
212
216
215
212
217
216
212
220
219
218
221
220
218
224
223
222
227
226
225
230
229
228
231
230
228
232
231
228
235
234
233
236
235
233
239
238
237
240
239
237
243
242
241
244
243
241
247
246
245
248
247
245
249
248
245
250
249
245
253
252
251
254
253
251
255
254
251
256
255
251
257
256
251
260
259
258
261
260
258
262
261
258
263
262
258
264
263
258
265
264
258
266
265
258
269
268
267
270
269
267
271
270
267
272
271
267
273
272
267
276
275
274
277
276
274
280
279
278
281
280
278
282
281
278
285
284
283
286
285
283
287
286
283
290
289
288
291
290
288
294
293
292
295
294
292
296
295
292
297
296
292
298
297
292
299
298
292
300
299
292
301
300
292
304
303
302
305
304
302
306
305
302
309
308
307
310
309
307
311
310
307
312
311
307
313
312
307
316
315
314
317
316
314
318
317
314
321
320
319
324
323
322
325
324
322
326
325
322
327
326
322
330
329
328
333
332
331
334
333
331
337
336
335
338
337
335
341
340
339
342
341
339
343
342
339
346
345
344
347
346
344
348
347
344
351
350
349
352
351
349
355
354
353
358
357
356
359
358
356
1
3
0
3
2
0
0
1
2
0
2
3
4
5
6
4
6
7
1
3
0
3
2
0
0
1
2
0
2
3
4
5
6
4
6
7
4
7
8
1
3
0
3
2
0
0
1
2
0
2
3
0
3
4
0
4
5
6
7
8
6
8
9
6
9
10
6
10
11
12
13
14
15
16
17
15
17
18
15
18
19
15
19
20
15
20
21
22
23
24
22
24
25
22
25
26
22
26
27
28
29
30
31
32
33
31
33
34
31
34
35
31
35
36
31
36
37
38
39
40
41
42
43
41
43
44
45
46
47
45
47
48
45
48
49
45
49
50
51
52
53
54
55
56
54
56
57
54
57
58
54
58
59
60
61
62
60
62
63
60
63
64
65
66
67
65
67
68
65
68
69
65
69
70
71
72
73
71
73
74
75
76
77
78
79
80
78
80
81
82
83
84
82
84
85
86
87
88
86
88
89
90
91
92
90
92
93
94
95
96
94
96
97
94
97
98
99
100
101
1
3
0
3
2
0
2
1
0
3
2
0
6
5
4
7
6
4
10
9
8
11
10
8
14
13
12
15
14
12
18
17
16
19
18
16
22
21
20
23
22
20
24
23
20
25
24
20
28
27
26
29
28
26
30
29
26
31
30
26
32
31
26
35
34
33
36
35
33
37
36
33
38
37
33
41
40
39
42
41
39
43
42
39
46
45
44
47
46
44
48
47
44
49
48
44
50
49
44
53
52
51
54
53
51
57
56
55
58
57
55
61
60
59
62
61
59
65
64
63
66
65
63
67
66
63
68
67
63
71
70
69
74
73
72
75
74
72
78
77
76
79
78
76
80
79
76
83
82
81
84
83
81
87
86
85
88
87
85
89
88
85
92
91
90
93
92
90
94
93
90
97
96
95
100
99
98
101
100
98
102
101
98
103
102
98
104
103
98
107
106
105
108
107
105
109
108
105
110
109
105
111
110
105
114
113
112
115
114
112
118
117
116
119
118
116
120
119
116
121
120
116
124
123
122
127
126
125
128
127
125
129
128
125
130
129
125
133
132
131
134
133
131
137
136
135
138
137
135
139
138
135
140
139
135
141
140
135
142
141
135
145
144
143
146
145
143
147
146
143
148
147
143
151
150
149
152
151
149
155
154
153
156
155
153
157
156
153
160
159
158
161
160
158
162
161
158
165
164
163
166
165
163
169
168
167
170
169
167
173
172
171
174
173
171
175
174
171
176
175
171
177
176
171
180
179
178
183
182
181
184
183
181
185
184
181
186
185
181
189
188
187
190
189
187
193
192
191
194
193
191
197
196
195
198
197
195
199
198
195
200
199
195
203
202
201
204
203
201
205
204
201
206
205
201
209
208
207
212
211
210
213
212
210
214
213
210
217
216
215
218
217
215
221
220
219
222
221
219
223
222
219
224
223
219
225
224
219
226
225
219
229
228
227
230
229
227
231
230
227
232
231
227
235
234
233
236
235
233
239
238
237
240
239
237
243
242
241
246
245
244
247
246
244
250
249
248
251
250
248
254
253
252
255
254
252
256
255
252
257
256
252
260
259
258
261
260
258
262
261
258
265
264
263
268
267
266
269
268
266
270
269
266
273
272
271
274
273
271
275
274
271
278
277
276
281
280
279
282
281
279
283
282
279
286
285
284
287
286
284
288
287
284
291
290
289
292
291
289
293
292
289
294
293
289
295
294
289
298
297
296
299
298
296
300
299
296
301
300
296
302
301
296
303
302
296
304
303
296
305
304
296
306
305
296
307
306
296
310
309
308
311
310
308
312
311
308
315
314
313
316
315
313
319
318
317
320
319
317
321
320
317
322
321
317
323
322
317
324
323
317
327
326
325
328
327
325
329
328
325
330
329
325
333
332
331
336
335
334
337
336
334
338
337
334
339
338
334
340
339
334
341
340
334
344
343
342
347
346
345
348
347
345
349
348
345
350
349
345
353
352
351
354
353
351
357
356
355
358
357
355
359
358
355
362
361
360
363
362
360
364
363
360
367
366
365
370
369
368
371
370
368
372
371
368
373
372
368
374
373
368
375
374
368
378
377
376
381
380
379
382
381
379
385
384
383
386
385
383
387
386
383
390
389
388
393
392
391
394
393
391
395
394
391
398
397
396
399
398
396
402
401
400
403
402
400
404
403
400
405
404
400
406
405
400
407
406
400
410
409
408
411
410
408
412
411
408
413
412
408
416
415
414
417
416
414
418
417
414
421
420
419
422
421
419
425
424
423
426
425
423
429
428
427
432
431
430
433
432
430
434
433
430
437
436
435
438
437
435
441
440
439
442
441
439
443
442
439
446
445
444
447
446
444
448
447
444
451
450
449
452
451
449
453
452
449
454
453
449
457
456
455
458
457
455
459
458
455
462
461
460
465
464
463
466
465
463
467
466
463
470
469
468
471
470
468
474
473
472
475
474
472
478
477
476
479
478
476
480
479
476
483
482
481
484
483
481
487
486
485
488
487
485
491
490
489
494
493
492
497
496
495
498
497
495
499
498
495
500
499
495
501
500
495
502
501
495
503
502
495
504
503
495
507
506
505
508
507
505
509
508
505
512
511
510
513
512
510
516
515
514
517
516
514
518
517
514
519
518
514
522
521
520
523
522
520
526
525
524
527
526
524
530
529
528
531
530
528
534
533
532
535
534
532
538
537
536
539
538
536
540
539
536
543
542
541
544
543
541
547
546
545
548
547
545
549
548
545
552
551
550
553
552
550
554
553
550
555
554
550
558
557
556
559
558
556
560
559
556
561
560
556
562
561
556
563
562
556
566
565
564
569
568
567
570
569
567
573
572
571
576
575
574
577
576
574
578
577
574
579
578
574
580
579
574
581
580
574
584
583
582
587
586
585
590
589
588
591
590
588
592
591
588
595
594
593
596
595
593
597
596
593
598
597
593
601
600
599
602
601
599
603
602
599
606
605
604
609
608
607
610
609
607
611
610
607
614
613
612
615
614
612
618
617
616
619
618
616
622
621
620
623
622
620
624
623
620
625
624
620
626
625
620
627
626
620
628
627
620
631
630
629
632
631
629
633
632
629
634
633
629
637
636
635
638
637
635
639
638
635
642
641
640
643
642
640
644
643
640
645
644
640
646
645
640
647
646
640
650
649
648
651
650
648
654
653
652
655
654
652
656
655
652
657
656
652
658
657
652
661
660
659
662
661
659
665
664
663
666
665
663
667
666
663
670
669
668
673
672
671
674
673
671
675
674
671
678
677
676
679
678
676
682
681
680
683
682
680
686
685
684
687
686
684
690
689
688
691
690
688
692
691
688
695
694
693
1
3
0
3
2
0
2
1
0
5
4
3
6
5
3
7
6
3
8
7
3
1
3
0
3
2
0
0
1
2
0
2
3
0
3
4
1
3
0
3
2
0
0
1
2
0
2
3
0
3
4
0
4
5
6
7
8
6
8
9
6
9
10
11
12
13
11
13
14
11
14
15
11
15
16
17
18
19
17
19
20
17
20
21
17
21
22
1
3
0
3
2
0
2
1
0
3
2
0
4
3
0
5
4
0
6
5
0
7
6
0
10
9
8
11
10
8
12
11
8
15
14
13
16
15
13
17
16
13
18
17
13
19
18
13
20
19
13
1
3
0
3
2
0
0
1
2
0
2
3
1
3
0
3
2
0
0
1
2
3
4
5
3
5
6
3
6
7
3
7
8
9
10
11
12
13
14
12
14
15
12
15
16
1
3
0
3
2
0
2
1
0
5
4
3
6
5
3
7
6
3
8
7
3
9
8
3
12
11
10
13
12
10
14
13
10
17
16
15
18
17
15
21
20
19
22
21
19
25
24
23
26
25
23
29
28
27
30
29
27
33
32
31
34
33
31
35
34
31
38
37
36
39
38
36
42
41
40
43
42
40
46
45
44
47
46
44
48
47
44
49
48
44
50
49
44
53
52
51
54
53
51
57
56
55
58
57
55
61
60
59
62
61
59
63
62
59
66
65
64
67
66
64
68
67
64
71
70
69
72
71
69
75
74
73
76
75
73
77
76
73
78
77
73
81
80
79
84
83
82
85
84
82
86
85
82
87
86
82
90
89
88
91
90
88
92
91
88
95
94
93
98
97
96
99
98
96
102
101
100
103
102
100
106
105
104
107
106
104
110
109
108
111
110
108
114
113
112
115
114
112
118
117
116
121
120
119
1
3
0
3
2
0
0
1
2
0
2
3
0
3
4
0
4
5
0
5
6
0
6
7
8
9
10
8
10
11
8
11
12
8
12
13
14
15
16
14
16
17
18
19
20
18
20
21
22
23
24
22
24
25
26
27
28
26
28
29
30
31
32
30
32
33
34
35
36
34
36
37
34
37
38
1
3
0
3
2
0
0
1
2
0
2
3
0
3
4
0
4
5
0
5
6
1
3
0
3
2
0
0
1
2
0
2
3
0
3
4
5
6
7
5
7
8
5
8
9
5
9
10
5
10
11
12
13
14
12
14
15
12
15
16
17
18
19
17
19
20
1
3
0
3
2
0
2
1
0
3
2
0
4
3
0
7
6
5
8
7
5
9
8
5
10
9
5
11
10
5
14
13
12
15
14
12
18
17
16
19
18
16
22
21
20
23
22
20
26
25
24
27
26
24
30
29
28
31
30
28
32
31
28
35
34
33
36
35
33
37
36
33
38
37
33
39
38
33
42
41
40
43
42
40
46
45
44
47
46
44
50
49
48
51
50
48
52
51
48
55
54
53
56
55
53
57
56
53
58
57
53
59
58
53
62
61
60
63
62
60
64
63
60
67
66
65
70
69
68
71
70
68
72
71
68
73
72
68
76
75
74
77
76
74
78
77
74
79
78
74
82
81
80
83
82
80
84
83
80
87
86
85
88
87
85
89
88
85
92
91
90
93
92
90
96
95
94
97
96
94
98
97
94
101
100
99
102
101
99
103
102
99
104
103
99
105
104
99
108
107
106
109
108
106
112
111
110
113
112
110
114
113
110
115
114
110
116
115
110
117
116
110
118
117
110
119
118
110
120
119
110
123
122
121
124
123
121
125
124
121
128
127
126
129
128
126
132
131
130
133
132
130
134
133
130
135
134
130
136
135
130
137
136
130
140
139
138
141
140
138
144
143
142
145
144
142
146
145
142
147
146
142
150
149
148
151
150
148
154
153
152
155
154
152
156
155
152
159
158
157
160
159
157
163
162
161
164
163
161
165
164
161
168
167
166
171
170
169
172
171
169
173
172
169
176
175
174
177
176
174
180
179
178
181
180
178
182
181
178
185
184
183
186
185
183
187
186
183
190
189
188
191
190
188
194
193
192
195
194
192
198
197
196
199
198
196
202
201
200
203
202
200
206
205
204
207
206
204
210
209
208
211
210
208
214
213
212
215
214
212
218
217
216
219
218
216
220
219
216
221
220
216
222
221
216
225
224
223
226
225
223
229
228
227
230
229
227
233
232
231
234
233
231
237
236
235
238
237
235
239
238
235
240
239
235
243
242
241
244
243
241
245
244
241
248
247
246
249
248
246
250
249
246
253
252
251
256
255
254
257
256
254
260
259
258
261
260
258
264
263
262
265
264
262
266
265
262
267
266
262
270
269
268
271
270
268
274
273
272
275
274
272
1
3
0
3
2
0
2
1
0
3
2
0
6
5
4
7
6
4
10
9
8
11
10
8
14
13
12
15
14
12
18
17
16
19
18
16
22
21
20
23
22
20
24
23
20
27
26
25
28
27
25
31
30
29
32
31
29
35
34
33
36
35
33
39
38
37
40
39
37
1
3
0
3
2
0
0
1
2
0
2
3
1
3
0
3
2
0
0
1
2
0
2
3
0
3
4
0
4
5
0
5
6
0
6
7
8
9
10
8
10
11
8
11
12
8
12
13
14
15
16
14
16
17
14
17
18
19
20
21
1
3
0
3
2
0
0
1
2
0
2
3
1
3
0
3
2
0
0
1
2
0
2
3
0
3
4
0
4
5
6
7
8
6
8
9
10
11
12
10
12
13
14
15
16
14
16
17
18
19
20
18
20
21
22
23
24
22
24
25
1
3
0
3
2
0
0
1
2
3
4
5
3
5
6
3
6
7
3
7
8
3
8
9
10
11
12
10
12
13
14
15
16
14
16
17
18
19
20
18
20
21
1
3
0
3
2
0
0
1
2
0
2
3
1
3
0
3
2
0
2
1
0
3
2
0
4
3
0
7
6
5
8
7
5
11
10
9
12
11
9
13
12
9
16
15
14
17
16
14
18
17
14
21
20
19
22
21
19
1
3
0
3
2
0
0
1
2
3
4
5
3
5
6
7
8
9
7
9
10
7
10
11
7
11
12
13
14
15
13
15
16
13
16
17
13
17
18
19
20
21
19
21
22
19
22
23
19
23
24
25
26
27
25
27
28
25
28
29
25
29
30
31
32
33
31
33
34
31
34
35
1
3
0
3
2
0
2
1
0
3
2
0
4
3
0
7
6
5
8
7
5
11
10
9
12
11
9
13
12
9
14
13
9
15
14
9
18
17
16
19
18
16
22
21
20
23
22
20
26
25
24
27
26
24
28
27
24
31
30
29
32
31
29
33
32
29
34
33
29
1
3
0
3
2
0
0
1
2
0
2
3
1
3
0
3
2
0
0
1
2
0
2
3
0
3
4
1
3
0
3
2
0
0
1
2
0
2
3
1
3
0
3
2
0
2
1
0
3
2
0
4
3
0
5
4
0
6
5
0
9
8
7
10
9
7
13
12
11
14
13
11
15
14
11
18
17
16
19
18
16
20
19
16
21
20
16
24
23
22
27
26
25
28
27
25
29
28
25
30
29
25
33
32
31
36
35
34
37
36
34
38
37
34
41
40
39
42
41
39
45
44
43
46
45
43
49
48
47
50
49
47
53
52
51
54
53
51
57
56
55
58
57
55
61
60
59
62
61
59
65
64
63
66
65
63
69
68
67
70
69
67
73
72
71
74
73
71
77
76
75
78
77
75
81
80
79
82
81
79
85
84
83
86
85
83
89
88
87
90
89
87
93
92
91
94
93
91
97
96
95
100
99
98
101
100
98
104
103
102
105
104
102
108
107
106
111
110
109
112
111
109
113
112
109
114
113
109
117
116
115
118
117
115
121
120
119
122
121
119
125
124
123
126
125
123
127
126
123
128
127
123
129
128
123
132
131
130
133
132
130
134
133
130
137
136
135
1
3
0
3
2
0
2
1
0
3
2
0
6
5
4
7
6
4
8
7
4
9
8
4
10
9
4
11
10
4
12
11
4
15
14
13
16
15
13
17
16
13
18
17
13
19
18
13
20
19
13
23
22
21
26
25
24
27
26
24
30
29
28
31
30
28
32
31
28
33
32
28
36
35
34
37
36
34
38
37
34
41
40
39
42
41
39
1
3
0
3
2
0
0
1
2
0
2
3
4
5
6
4
6
7
4
7
8
9
10
11
9
11
12
9
12
13
1
3
0
3
2
0
2
1
0
3
2
0
4
3
0
5
4
0
8
7
6
11
10
9
12
11
9
13
12
9
16
15
14
17
16
14
1
3
0
3
2
0
0
1
2
0
2
3
0
3
4
0
4
5
1
3
0
3
2
0
0
1
2
0
2
3
1
3
0
3
2
0
0
1
2
0
2
3
0
3
4
0
4
5
1
3
0
3
2
0
2
1
0
3
2
0
6
5
4
7
6
4
1
3
0
3
2
0
0
1
2
0
2
3
0
3
4
5
6
7
5
7
8
9
10
11
9
11
12
13
14
15
13
15
16
13
16
17
18
19
20
18
20
21
22
23
24
22
24
25
22
25
26
22
26
27
1
3
0
3
2
0
2
1
0
3
2
0
4
3
0
5
4
0
8
7
6
9
8
6
12
11
10
13
12
10
16
15
14
17
16
14
1
3
0
3
2
0
2
1
0
3
2
0
1
3
0
3
2
0
0
1
2
0
2
3
1
3
0
3
2
0
0
1
2
0
2
3
4
5
6
4
6
7
1
3
0
3
2
0
2
1
0
3
2
0
6
5
4
7
6
4
1
3
0
3
2
0
2
1
0
3
2
0
4
3
0
1
3
0
3
2
0
2
1
0
3
2
0
6
5
4
7
6
4
8
7
4
11
10
9
12
11
9
1
3
0
3
2
0
2
1
0
3
2
0
1
3
0
3
2
0
0
1
2
0
2
3
1
3
0
3
2
0
2
1
0
3
2
0
1
3
0
3
2
0
2
1
0
3
2
0
6
5
4
7
6
4
1
3
0
3
2
0
2
1
0
3
2
0
6
5
4
7
6
4
10
9
8
11
10
8
12
11
8
13
12
8
14
13
8
15
14
8
16
15
8
17
16
8
18
17
8
19
18
8
20
19
8
21
20
8
22
21
8
23
22
8
24
23
8
27
26
25
28
27
25
29
28
25
30
29
25
33
32
31
34
33
31
37
36
35
38
37
35
39
38
35
1
3
0
3
2
0
0
1
2
0
2
3
4
5
6
4
6
7
4
7
8
1
3
0
3
2
0
2
1
0
3
2
0
1
3
0
3
2
0
0
1
2
0
2
3
4
5
6
4
6
7
8
9
10
8
10
11
1
3
0
3
2
0
0
1
2
0
2
3
0
3
4
5
6
7
5
7
8
9
10
11
9
11
12
9
12
13
9
13
14
9
14
15
9
15
16
9
16
17
18
19
20
18
20
21
18
21
22
18
22
23
1
3
0
3
2
0
0
1
2
0
2
3
1
3
0
3
2
0
0
1
2
0
2
3
1
3
0
3
2
0
2
1
0
3
2
0
4
3
0
5
4
0
8
7
6
9
8
6
10
9
6
13
12
11
14
13
11
1
3
0
3
2
0
0
1
2
0
2
3
1
3
0
3
2
0
2
1
0
3
2
0
4
3
0
5
4
0
1
3
0
3
2
0
2
1
0
3
2
0
6
5
4
7
6
4
1
3
0
3
2
0
2
1
0
3
2
0
4
3
0
7
6
5
1
3
0
3
2
0
2
1
0
3
2
0
1
3
0
3
2
0
2
1
0
3
2
0
1
3
0
3
2
0
0
1
2
0
2
3
1
3
0
3
2
0
0
1
2
0
2
3
1
3
0
3
2
0
2
1
0
3
2
0
6
5
4
7
6
4
1
3
0
3
2
0
0
1
2
0
2
3
0
3
4
1
3
0
3
2
0
0
1
2
0
2
3
4
5
6
4
6
7
8
9
10
8
10
11
1
3
0
3
2
0
0
1
2
0
2
3
4
5
6
4
6
7
8
9
10
8
10
11
1
3
0
3
2
0
0
1
2
0
2
3
0
3
4
1
3
0
3
2
0
0
1
2
0
2
3
4
5
6
4
6
7
8
9
10
8
10
11
1
3
0
3
2
0
0
1
2
0
2
3
4
5
6
4
6
7
8
9
10
8
10
11
1
3
0
3
2
0
0
1
2
0
2
3
4
5
6
4
6
7
8
9
10
8
10
11
12
13
14
12
14
15
16
17
18
16
18
19
20
21
22
20
22
23
24
25
26
24
26
27
28
29
30
28
30
31
32
33
34
32
34
35
1
3
0
3
2
0
0
1
2
0
2
3
0
3
4
5
6
7
5
7
8
1
3
0
3
2
0
0
1
2
0
2
3
0
3
4
1
3
0
3
2
0
2
1
0
5
4
3
6
5
3
7
6
3
8
7
3
11
10
9
12
11
9
13
12
9
16
15
14
17
16
14
1
3
0
3
2
0
0
1
2
0
2
3
0
3
4
1
3
0
3
2
0
2
1
0
3
2
0
4
3
0
7
6
5
8
7
5
11
10
9
12
11
9
13
12
9
1
3
0
3
2
0
0
1
2
0
2
3
1
3
0
3
2
0
0
1
2
0
2
3
4
5
6
4
6
7
1
3
0
3
2
0
0
1
2
0
2
3
1
3
0
3
2
0
0
1
2
0
2
3
1
3
0
3
2
0
0
1
2
0
2
3
1
3
0
3
2
0
2
1
0
3
2
0
1
3
0
3
2
0
0
1
2
0
2
3
0
3
4
0
4
5
0
5
6
0
6
7
8
9
10
8
10
11
8
11
12
13
14
15
1
3
0
3
2
0
0
1
2
0
2
3
1
3
0
3
2
0
0
1
2
0
2
3
4
5
6
4
6
7
1
3
0
3
2
0
0
1
2
0
2
3
4
5
6
4
6
7
8
9
10
8
10
11
8
11
12
13
14
15
13
15
16
1
3
0
3
2
0
2
1
0
3
2
0
1
3
0
3
2
0
2
1
0
3
2
0
1
3
0
3
2
0
0
1
2
0
2
3
1
3
0
3
2
0
2
1
0
3
2
0
6
5
4
7
6
4
1
3
0
3
2
0
0
1
2
0
2
3
0
3
4
5
6
7
5
7
8
1
3
0
3
2
0
0
1
2
0
2
3
4
5
6
4
6
7
1
3
0
3
2
0
0
1
2
0
2
3
1
3
0
3
2
0
0
1
2
0
2
3
1
3
0
3
2
0
0
1
2
0
2
3
4
5
6
4
6
7
1
3
0
3
2
0
0
1
2
0
2
3
0
3
4
1
3
0
3
2
0
0
1
2
0
2
3
0
3
4
5
6
7
5
7
8
1
3
0
3
2
0
2
1
0
3
2
0
1
3
0
3
2
0
0
1
2
0
2
3
1
3
0
3
2
0
0
1
2
0
2
3
1
3
0
3
2
0
0
1
2
0
2
3
1
3
0
3
2
0
2
1
0
3
2
0
1
3
0
3
2
0
2
1
0
3
2
0
4
3
0
1
3
0
3
2
0
2
1
0
3
2
0
4
3
0
5
4
0
6
5
0
7
6
0
8
7
0
9
8
0
1
3
0
3
2
0
0
1
2
0
2
3
0
3
4
1
3
0
3
2
0
0
1
2
0
2
3
4
5
6
4
6
7
1
3
0
3
2
0
0
1
2
0
2
3
0
3
4
1
3
0
3
2
0
0
1
2
0
2
3
4
5
6
4
6
7
1
3
0
3
2
0
2
1
0
3
2
0
1
3
0
3
2
0
0
1
2
0
2
3
1
3
0
3
2
0
2
1
0
5
4
3
6
5
3
7
6
3
10
9
8
11
10
8
14
13
12
15
14
12
16
15
12
17
16
12
1
3
0
3
2
0
0
1
2
0
2
3
1
3
0
3
2
0
0
1
2
0
2
3
0
3
4
1
3
0
3
2
0
0
1
2
0
2
3
1
3
0
3
2
0
0
1
2
0
2
3
1
3
0
3
2
0
0
1
2
0
2
3
1
3
0
3
2
0
0
1
2
0
2
3
1
3
0
3
2
0
0
1
2
0
2
3
1
3
0
3
2
0
0
1
2
0
2
3
1
3
0
3
2
0
0
1
2
0
2
3
0
3
4
1
3
0
3
2
0
0
1
2
0
2
3
4
5
6
4
6
7
8
9
10
8
10
11
8
11
12
1
3
0
3
2
0
0
1
2
0
2
3
1
3
0
3
2
0
0
1
2
0
2
3
1
3
0
3
2
0
0
1
2
0
2
3
4
5
6
4
6
7
1
3
0
3
2
0
0
1
2
0
2
3
1
3
0
3
2
0
0
1
2
0
2
3
4
5
6
4
6
7
1
3
0
3
2
0
0
1
2
0
2
3
1
3
0
3
2
0
0
1
2
0
2
3
1
3
0
3
2
0
0
1
2
0
2
3
1
3
0
3
2
0
0
1
2
0
2
3
1
3
0
3
2
0
0
1
2
0
2
3
0
3
4
1
3
0
3
2
0
0
1
2
0
2
3
0
3
4
0
4
5
6
7
8
6
8
9
10
11
12
1
3
0
3
2
0
0
1
2
0
2
3
4
5
6
4
6
7
1
3
0
3
2
0
0
1
2
0
2
3
0
3
4
0
4
5
0
5
6
7
8
9
7
9
10
7
10
11
7
11
12
13
14
15
16
17
18
16
18
19
16
19
20
16
20
21
16
21
22
23
24
25
26
27
28
1
3
0
3
2
0
2
1
0
3
2
0
6
5
4
7
6
4
1
3
0
3
2
0
0
1
2
0
2
3
0
3
4
1
3
0
3
2
0
2
1
0
3
2
0
4
3
0
7
6
5
8
7
5
9
8
5
12
11
10
13
12
10
16
15
14
17
16
14
20
19
18
21
20
18
22
21
18
25
24
23
26
25
23
29
28
27
30
29
27
31
30
27
34
33
32
35
34
32
38
37
36
39
38
36
40
39
36
43
42
41
44
43
41
47
46
45
48
47
45
1
3
0
3
2
0
0
1
2
0
2
3
4
5
6
4
6
7
1
3
0
3
2
0
0
1
2
0
2
3
0
3
4
1
3
0
3
2
0
0
1
2
0
2
3
1
3
0
3
2
0
0
1
2
0
2
3
1
3
0
3
2
0
0
1
2
0
2
3
1
3
0
3
2
0
0
1
2
0
2
3
1
3
0
3
2
0
0
1
2
0
2
3
1
3
0
3
2
0
2
1
0
3
2
0
6
5
4
7
6
4
1
3
0
3
2
0
0
1
2
0
2
3
1
3
0
3
2
0
0
1
2
0
2
3
0
3
4
1
3
0
3
2
0
0
1
2
0
2
3
0
3
4
1
3
0
3
2
0
0
1
2
0
2
3
1
3
0
3
2
0
0
1
2
0
2
3
4
5
6
4
6
7
4
7
8
1
3
0
3
2
0
0
1
2
0
2
3
4
5
6
4
6
7
4
7
8
1
3
0
3
2
0
0
1
2
0
2
3
1
3
0
3
2
0
0
1
2
1
3
0
3
2
0
0
1
2
0
2
3
0
3
4
0
4
5
6
7
8
6
8
9
6
9
10
11
12
13
11
13
14
11
14
15
16
17
18
16
18
19
1
3
0
3
2
0
0
1
2
1
3
0
3
2
0
2
1
0
3
2
0
1
3
0
3
2
0
0
1
2
0
2
3
4
5
6
4
6
7
1
3
0
3
2
0
0
1
2
0
2
3
4
5
6
4
6
7
1
3
0
3
2
0
0
1
2
0
2
3
0
3
4
0
4
5
6
7
8
6
8
9
1
3
0
3
2
0
0
1
2
0
2
3
4
5
6
4
6
7
1
3
0
3
2
0
0
1
2
0
2
3
4
5
6
4
6
7
1
3
0
3
2
0
0
1
2
0
2
3
0
3
4
1
3
0
3
2
0
0
1
2
0
2
3
1
3
0
3
2
0
0
1
2
0
2
3
1
3
0
3
2
0
0
1
2
0
2
3
0
3
4
5
6
7
5
7
8
1
3
0
3
2
0
0
1
2
0
2
3
1
3
0
3
2
0
0
1
2
0
2
3
1
3
0
3
2
0
0
1
2
0
2
3
1
3
0
3
2
0
2
1
0
3
2
0
6
5
4
7
6
4
1
3
0
3
2
0
0
1
2
0
2
3
1
3
0
3
2
0
0
1
2
0
2
3
1
3
0
3
2
0
0
1
2
0
2
3
1
3
0
3
2
0
0
1
2
0
2
3
4
5
6
4
6
7
8
9
10
8
10
11
12
13
14
12
14
15
12
15
16
12
16
17
1
3
0
3
2
0
0
1
2
0
2
3
1
3
0
3
2
0
0
1
2
0
2
3
4
5
6
4
6
7
1
3
0
3
2
0
2
1
0
3
2
0
4
3
0
7
6
5
8
7
5
1
3
0
3
2
0
0
1
2
0
2
3
0
3
4
0
4
5
6
7
8
6
8
9
1
3
0
3
2
0
2
1
0
3
2
0
1
3
0
3
2
0
0
1
2
0
2
3
1
3
0
3
2
0
0
1
2
0
2
3
0
3
4
0
4
5
1
3
0
3
2
0
2
1
0
3
2
0
4
3
0
1
3
0
3
2
0
2
1
0
3
2
0
6
5
4
7
6
4
1
3
0
3
2
0
0
1
2
0
2
3
4
5
6
4
6
7
4
7
8
1
3
0
3
2
0
0
1
2
0
2
3
0
3
4
1
3
0
3
2
0
0
1
2
0
2
3
0
3
4
5
6
7
5
7
8
5
8
9
1
3
0
3
2
0
2
1
0
3
2
0
4
3
0
1
3
0
3
2
0
0
1
2
0
2
3
0
3
4
5
6
7
5
7
8
1
3
0
3
2
0
0
1
2
0
2
3
1
3
0
3
2
0
0
1
2
0
2
3
1
3
0
3
2
0
0
1
2
0
2
3
4
5
6
4
6
7
8
9
10
8
10
11
8
11
12
13
14
15
13
15
16
13
16
17
18
19
20
18
20
21
18
21
22
23
24
25
23
25
26
23
26
27
28
29
30
28
30
31
28
31
32
33
34
35
1
3
0
3
2
0
0
1
2
0
2
3
1
3
0
3
2
0
0
1
2
0
2
3
0
3
4
0
4
5
0
5
6
0
6
7
8
9
10
8
10
11
12
13
14
15
16
17
15
17
18
15
18
19
20
21
22
20
22
23
20
23
24
25
26
27
25
27
28
25
28
29
30
31
32
30
32
33
1
3
0
3
2
0
0
1
2
1
3
0
3
2
0
0
1
2
0
2
3
4
5
6
4
6
7
4
7
8
4
8
9
10
11
12
10
12
13
14
15
16
14
16
17
1
3
0
3
2
0
2
1
0
3
2
0
6
5
4
7
6
4
1
3
0
3
2
0
0
1
2
0
2
3
4
5
6
4
6
7
8
9
10
8
10
11
12
13
14
12
14
15
1
3
0
3
2
0
2
1
0
3
2
0
4
3
0
1
3
0
3
2
0
0
1
2
0
2
3
4
5
6
4
6
7
1
3
0
3
2
0
0
1
2
0
2
3
0
3
4
1
3
0
3
2
0
0
1
2
0
2
3
4
5
6
4
6
7
8
9
10
8
10
11
8
11
12
8
12
13
1
3
0
3
2
0
0
1
2
1
3
0
3
2
0
0
1
2
0
2
3
0
3
4
1
3
0
3
2
0
0
1
2
1
3
0
3
2
0
0
1
2
0
2
3
1
3
0
3
2
0
0
1
2
0
2
3
4
5
6
4
6
7
1
3
0
3
2
0
0
1
2
0
2
3
0
3
4
5
6
7
5
7
8
9
10
11
9
11
12
9
12
13
9
13
14
15
16
17
15
17
18
1
3
0
3
2
0
0
1
2
0
2
3
0
3
4
5
6
7
5
7
8
5
8
9
10
11
12
10
12
13
1
3
0
3
2
0
0
1
2
0
2
3
4
5
6
4
6
7
8
9
10
8
10
11
8
11
12
13
14
15
13
15
16
1
3
0
3
2
0
0
1
2
0
2
3
4
5
6
4
6
7
8
9
10
8
10
11
8
11
12
13
14
15
13
15
16
1
3
0
3
2
0
0
1
2
0
2
3
1
3
0
3
2
0
2
1
0
3
2
0
1
3
0
3
2
0
0
1
2
0
2
3
4
5
6
4
6
7
1
3
0
3
2
0
0
1
2
0
2
3
4
5
6
4
6
7
8
9
10
8
10
11
8
11
12
8
12
13
14
15
16
14
16
17
18
19
20
18
20
21
22
23
24
22
24
25
26
27
28
1
3
0
3
2
0
0
1
2
0
2
3
1
3
0
3
2
0
0
1
2
0
2
3
1
3
0
3
2
0
0
1
2
0
2
3
1
3
0
3
2
0
2
1
0
3
2
0
4
3
0
1
3
0
3
2
0
0
1
2
0
2
3
0
3
4
5
6
7
5
7
8
1
3
0
3
2
0
0
1
2
0
2
3
4
5
6
4
6
7
1
3
0
3
2
0
0
1
2
0
2
3
0
3
4
0
4
5
6
7
8
6
8
9
6
9
10
1
3
0
3
2
0
0
1
2
0
2
3
0
3
4
0
4
5
1
3
0
3
2
0
0
1
2
0
2
3
1
3
0
3
2
0
0
1
2
0
2
3
4
5
6
4
6
7
4
7
8
1
3
0
3
2
0
0
1
2
0
2
3
0
3
4
0
4
5
6
7
8
6
8
9
6
9
10
11
12
13
11
13
14
1
3
0
3
2
0
0
1
2
0
2
3
1
3
0
3
2
0
0
1
2
0
2
3
1
3
0
3
2
0
0
1
2
0
2
3
4
5
6
4
6
7
8
9
10
8
10
11
1
3
0
3
2
0
2
1
0
3
2
0
6
5
4
7
6
4
1
3
0
3
2
0
0
1
2
0
2
3
1
3
0
3
2
0
2
1
0
3
2
0
6
5
4
7
6
4
8
7
4
11
10
9
12
11
9
1
3
0
3
2
0
0
1
2
0
2
3
1
3
0
3
2
0
0
1
2
0
2
3
1
3
0
3
2
0
2
1
0
3
2
0
1
3
0
3
2
0
0
1
2
0
2
3
1
3
0
3
2
0
0
1
2
0
2
3
4
5
6
4
6
7
4
7
8
1
3
0
3
2
0
2
1
0
3
2
0
4
3
0
7
6
5
8
7
5
11
10
9
12
11
9
1
3
0
3
2
0
0
1
2
1
3
0
3
2
0
0
1
2
0
2
3
4
5
6
4
6
7
4
7
8
1
3
0
3
2
0
2
1
0
3
2
0
4
3
0
5
4
0
8
7
6
9
8
6
10
9
6
11
10
6
12
11
6
13
12
6
14
13
6
15
14
6
16
15
6
1
3
0
3
2
0
0
1
2
0
2
3
1
3
0
3
2
0
0
1
2
3
4
5
3
5
6
3
6
7
3
7
8
9
10
11
1
3
0
3
2
0
0
1
2
0
2
3
0
3
4
1
3
0
3
2
0
2
1
0
3
2
0
6
5
4
7
6
4
1
3
0
3
2
0
2
1
0
3
2
0
1
3
0
3
2
0
0
1
2
0
2
3
1
3
0
3
2
0
0
1
2
1
3
0
3
2
0
2
1
0
3
2
0
6
5
4
7
6
4
8
7
4
9
8
4
1
3
0
3
2
0
0
1
2
0
2
3
0
3
4
1
3
0
3
2
0
0
1
2
0
2
3
0
3
4
0
4
5
1
3
0
3
2
0
0
1
2
0
2
3
0
3
4
0
4
5
0
5
6
0
6
7
0
7
8
1
3
0
3
2
0
0
1
2
3
4
5
3
5
6
3
6
7
3
7
8
1
3
0
3
2
0
2
1
0
3
2
0
1
3
0
3
2
0
0
1
2
0
2
3
4
5
6
4
6
7
1
3
0
3
2
0
2
1
0
3
2
0
1
3
0
3
2
0
0
1
2
0
2
3
1
3
0
3
2
0
0
1
2
0
2
3
1
3
0
3
2
0
0
1
2
0
2
3
1
3
0
3
2
0
2
1
0
3
2
0
1
3
0
3
2
0
0
1
2
0
2
3
4
5
6
4
6
7
1
3
0
3
2
0
2
1
0
3
2
0
4
3
0
5
4
0
6
5
0
7
6
0
10
9
8
11
10
8
12
11
8
13
12
8
14
13
8
1
3
0
3
2
0
0
1
2
0
2
3
0
3
4
0
4
5
0
5
6
7
8
9
7
9
10
7
10
11
7
11
12
13
14
15
13
15
16
1
3
0
3
2
0
0
1
2
0
2
3
0
3
4
0
4
5
6
7
8
6
8
9
10
11
12
10
12
13
14
15
16
14
16
17
14
17
18
19
20
21
19
21
22
19
22
23
24
25
26
24
26
27
1
3
0
3
2
0
0
1
2
0
2
3
0
3
4
1
3
0
3
2
0
0
1
2
0
2
3
0
3
4
1
3
0
3
2
0
2
1
0
3
2
0
4
3
0
1
3
0
3
2
0
2
1
0
3
2
0
1
3
0
3
2
0
0
1
2
0
2
3
0
3
4
5
6
7
5
7
8
9
10
11
9
11
12
1
3
0
3
2
0
0
1
2
0
2
3
1
3
0
3
2
0
0
1
2
0
2
3
1
3
0
3
2
0
2
1
0
3
2
0
4
3
0
1
3
0
3
2
0
0
1
2
0
2
3
1
3
0
3
2
0
2
1
0
3
2
0
1
3
0
3
2
0
0
1
2
0
2
3
1
3
0
3
2
0
0
1
2
0
2
3
1
3
0
3
2
0
0
1
2
0
2
3
1
3
0
3
2
0
0
1
2
0
2
3
1
3
0
3
2
0
0
1
2
1
3
0
3
2
0
2
1
0
3
2
0
4
3
0
5
4
0
1
3
0
3
2
0
2
1
0
3
2
0
4
3
0
5
4
0
6
5
0
7
6
0
1
3
0
3
2
0
0
1
2
0
2
3
4
5
6
4
6
7
1
3
0
3
2
0
0
1
2
0
2
3
1
3
0
3
2
0
0
1
2
0
2
3
4
5
6
4
6
7
4
7
8
9
10
11
9
11
12
9
12
13
9
13
14
1
3
0
3
2
0
2
1
0
3
2
0
4
3
0
1
3
0
3
2
0
0
1
2
0
2
3
0
3
4
1
3
0
3
2
0
0
1
2
0
2
3
4
5
6
4
6
7
8
9
10
8
10
11
12
13
14
12
14
15
1
3
0
3
2
0
0
1
2
0
2
3
0
3
4
1
3
0
3
2
0
2
1
0
3
2
0
4
3
0
5
4
0
1
3
0
3
2
0
0
1
2
0
2
3
1
3
0
3
2
0
0
1
2
0
2
3
0
3
4
0
4
5
0
5
6
7
8
9
10
11
12
1
3
0
3
2
0
0
1
2
0
2
3
1
3
0
3
2
0
2
1
0
3
2
0
6
5
4
7
6
4
10
9
8
11
10
8
14
13
12
15
14
12
1
3
0
3
2
0
0
1
2
0
2
3
1
3
0
3
2
0
0
1
2
0
2
3
0
3
4
1
3
0
3
2
0
0
1
2
0
2
3
1
3
0
3
2
0
2
1
0
3
2
0
4
3
0
5
4
0
1
3
0
3
2
0
0
1
2
0
2
3
1
3
0
3
2
0
2
1
0
1
3
0
3
2
0
2
1
0
1
3
0
3
2
0
2
1
0
3
2
0
6
5
4
7
6
4
10
9
8
11
10
8
14
13
12
15
14
12
18
17
16
19
18
16
1
3
0
3
2
0
2
1
0
3
2
0
6
5
4
7
6
4
8
7
4
11
10
9
12
11
9
15
14
13
16
15
13
19
18
17
20
19
17
1
3
0
3
2
0
2
1
0
3
2
0
4
3
0
7
6
5
8
7
5
11
10
9
12
11
9
13
12
9
16
15
14
17
16
14
18
17
14
19
18
14
1
3
0
3
2
0
2
1
0
3
2
0
4
3
0
7
6
5
8
7
5
11
10
9
12
11
9
13
12
9
14
13
9
1
3
0
3
2
0
2
1
0
3
2
0
4
3
0
7
6
5
8
7
5
9
8
5
1
3
0
3
2
0
2
1
0
3
2
0
6
5
4
7
6
4
8
7
4
11
10
9
12
11
9
1
3
0
3
2
0
2
1
0
3
2
0
4
3
0
5
4
0
8
7
6
9
8
6
10
9
6
13
12
11
14
13
11
15
14
11
1
3
0
3
2
0
2
1
0
3
2
0
4
3
0
7
6
5
8
7
5
11
10
9
12
11
9
13
12
9
14
13
9
17
16
15
18
17
15
19
18
15
22
21
20
23
22
20
24
23
20
1
3
0
3
2
0
2
1
0
3
2
0
4
3
0
7
6
5
8
7
5
9
8
5
12
11
10
13
12
10
1
3
0
3
2
0
2
1
0
3
2
0
4
3
0
5
4
0
6
5
0
9
8
7
10
9
7
