4
19
4
4
4
4
4
4
4
8
4
42
4
4
4
17
4
10
4
8
4
33
4
8
4
13
4
12
4
6
4
8
4
12
4
4
4
869
4
26
4
5
4
18
4
8
4
8
4
5
4
5
4
8
4
21
4
5
4
4
4
12
4
4
4
4
4
5
4
5
4
11
4
9
4
5
4
4
4
8
4
4
4
63
4
7
4
8
4
53
4
14
4
4
4
5
4
4
4
4
4
33
4
4
4
4
4
606
4
78
4
4
4
4
4
3
4
15
4
4
4
4
4
3
4
17
4
9
4
4
4
8
4
9
4
6
4
12
4
9
4
4
4
8
4
9
4
5
4
24
4
4
4
4
4
89
4
13
4
4
4
5
4
24
4
4
4
5
4
1858
4
4
4
4
4
8
4
8
4
4
4
4
4
3
4
8
4
4
4
23
4
9
4
57
4
5
4
5
4
4
4
8
4
4
4
4
4
5
4
8
4
39
4
5
4
4
4
43
4
9
4
7
4
4
4
4
4
344
4
6
4
9
4
7
4
1260
4
9
4
10
4
61
4
8
4
4
4
4
4
8
4
5
4
4
4
9
4
8
4
4
4
10
4
5
4
4
4
4
4
5
4
5
4
5
4
4
4
4
4
8
4
9
4
16
4
5
4
21
4
16
4
8
4
4
4
3
4
240
4
4
4
4
4
20
4
8
4
4
4
4
4
4
4
8
4
15
4
4
4
4
4
5
4
6
4
4
4
8
4
11
4
16
4
14
4
4
4
24
4
38
4
9
4
10
4
7
4
17
4
17
4
11
4
4
4
5
4
4
4
4
4
4
4
24
4
9
4
40
4
4
4
4
4
3
4
4
4
49
4
12
4
5
4
6
4
456
4
4
4
29
4
4
4
8
4
4
4
3
4
9
4
8
4
3
4
8
4
4
4
9
4
4
4
15
4
6
4
41
4
4
4
12
4
122
4
38
4
4
4
4
4
8
4
4
4
3
4
4
4
72
4
4
4
4
4
5
4
4
4
4
4
10
4
6
4
17
4
5
4
5
4
16
4
17
4
7
4
9
4
8
4
202
4
7
4
17
4
17
4
4
4
36
4
4
4
14
4
8
4
12
4
5
4
4
4
10
4
4
4
4
4
15
4
4
4
8
4
14
4
5
4
4
4
5
4
8
4
6
4
24
4
5
4
4
4
9
4
3
4
4
4
29
4
4
4
4
4
8
4
4
4
4
4
4
4
23
4
13
4
25
4
4
4
4
4
92
4
4
4
8
4
8
4
4
4
6
4
3
4
4
4
40
4
17
4
11
4
14
4
4
4
4
4
4
4
5
4
4
4
4
4
8
4
4
4
4
4
6
4
4
4
9
4
529
4
4
4
4
4
4
4
47
4
5
4
4
4
4
4
5
4
5
4
18
4
8
4
4
4
8
4
9
4
4
4
5
4
4
4
8
4
5
4
82
4
10
4
24
4
8
4
253
4
19
4
17
4
8
4
4
4
4
4
9
4
3
4
14
4
23
4
246
4
18
4
215
4
16
4
9
4
488
4
7
4
360
4
8
4
9
4
102
4
696
4
9
4
5
4
23
4
21
4
4
4
17
4
122
4
39
4
7
4
21
4
276
4
41
4
4
4
22
4
4
4
26
4
22
4
4
4
23
4
36
4
35
4
4
4
5
4
4
4
138
4
43
4
14
4
18
4
6
4
4
4
6
4
8
4
28
4
18
4
4
4
4
4
8
4
8
4
5
4
13
4
4
4
4
4
4
4
8
4
40
4
9
4
4
4
12
4
24
4
4
4
4
4
15
4
4
4
6
4
8
4
8
4
4
4
4
4
4
4
4
4
8
4
5
4
12
4
12
4
5
4
12
4
12
4
36
4
9
4
5
4
18
4
5
4
14
4
4
4
8
4
4
4
4
4
4
4
4
4
16
4
4
4
8
4
17
4
4
4
4
4
4
4
8
4
9
4
8
4
4
4
4
4
8
4
5
4
9
4
4
4
4
4
4
4
4
4
4
4
5
4
10
4
5
4
8
4
5
4
8
4
4
4
4
4
18
4
4
4
5
4
4
4
4
4
4
4
4
4
4
4
4
4
5
4
13
4
4
4
4
4
8
4
4
4
8
4
4
4
4
4
4
4
4
4
5
4
13
4
8
4
29
4
8
4
5
4
49
4
8
4
5
4
4
4
4
4
4
4
4
4
4
4
8
4
4
4
5
4
5
4
4
4
9
4
9
4
4
4
3
4
20
4
3
4
4
4
8
4
8
4
10
4
8
4
8
4
5
4
4
4
4
4
9
4
4
4
4
4
4
4
8
4
4
4
4
4
4
4
18
4
4
4
8
4
9
4
10
4
4
4
4
4
6
4
5
4
8
4
9
4
5
4
10
4
5
4
9
4
4
4
4
4
36
4
4
4
34
4
3
4
18
4
8
4
16
4
5
4
8
4
5
4
14
4
3
4
5
4
3
4
4
4
8
4
19
4
14
4
17
4
17
4
4
4
4
4
8
4
29
4
4
4
4
4
4
4
5
4
9
4
8
4
11
4
6
4
4
4
9
4
15
4
4
4
4
4
12
4
8
4
4
4
13
4
4
4
4
4
4
4
4
4
9
4
13
4
3
4
9
4
17
4
4
4
12
4
5
4
8
4
4
4
4
4
3
4
10
4
5
4
6
4
9
4
9
4
4
4
8
4
4
4
4
4
4
4
4
4
4
4
8
4
15
4
17
4
28
4
5
4
5
4
5
4
4
4
13
4
4
4
4
4
5
4
4
4
4
4
4
4
4
4
4
4
4
4
3
4
6
4
8
4
8
4
4
4
15
4
5
4
5
4
16
4
5
4
6
4
4
4
13
4
4
4
16
4
4
4
5
4
4
4
6
4
4
4
3
4
3
4
20
4
21
4
20
4
15
4
10
4
13
4
16
4
25
4
14
4
11
