4
4
4
4
4
9
4
5
4
4
4
15
4
11
4
4
4
8
4
4
4
4
4
5
4
5
4
4
4
12
4
4
4
18
4
5
4
4
4
4
4
5
4
8
4
13
4
14
4
4
4
15
4
4
4
4
4
4
4
5
4
8
4
5
4
4
4
6
4
8
4
4
4
5
4
15
4
8
4
5
4
4
4
8
4
17
4
24
4
5
4
29
4
9
4
17
4
5
4
4
4
6
4
8
4
92
4
4
4
6
4
4
4
459
4
15
4
6
4
14
4
33
4
4
4
4
4
13
4
12
4
8
4
8
4
4
4
4
4
4
4
4
4
8
4
16
4
1272
4
4
4
138
4
9
4
23
4
12
4
6
4
3
4
18
4
5
4
4
4
4
4
16
4
6
4
9
4
4
4
5
4
4
4
47
4
49
4
4
4
8
4
4
4
4
4
4
4
4
4
23
4
5
4
4
4
9
4
8
4
4
4
4
4
4
4
4
4
8
4
10
4
4
4
496
4
5
4
4
4
4
4
4
4
17
4
4
4
4
4
8
4
4
4
5
4
6
4
8
4
3
4
8
4
8
4
8
4
4
4
15
4
9
4
13
4
8
4
3
4
9
4
21
4
17
4
38
4
8
4
41
4
24
4
4
4
4
4
4
4
4
4
7
4
11
4
4
4
4
4
10
4
6
4
14
4
5
4
5
4
21
4
18
4
10
4
8
4
3
4
4
4
8
4
5
4
4
4
11
4
4
4
4
4
8
4
3
4
23
4
4
4
4
4
5
4
4
4
4
4
5
4
4
4
1853
4
13
4
4
4
40
4
6
4
12
4
4
4
4
4
8
4
5
4
17
4
16
4
4
4
4
4
4
4
16
4
717
4
8
4
4
4
4
4
9
4
4
4
4
4
9
4
9
4
5
4
4
4
8
4
4
4
4
4
5
4
5
4
16
4
8
4
4
4
15
4
5
4
4
4
4
4
14
4
9
4
12
4
16
4
4
4
11
4
4
4
4
4
6
4
4
4
4
4
8
4
257
4
6
4
4
4
17
4
12
4
33
4
76
4
4
4
10
4
4
4
4
4
11
4
26
4
5
4
17
4
3
4
4
4
9
4
5
4
4
4
6
4
4
4
18
4
24
4
4
4
57
4
4
4
4
4
4
4
4
4
5
4
5
4
7
4
17
4
4
4
29
4
4
4
12
4
4
4
4
4
4
4
4
4
33
4
5
4
25
4
8
4
5
4
28
4
8
4
5
4
4
4
4
4
12
4
3
4
4
4
8
4
13
4
21
4
11
4
16
4
4
4
14
4
9
4
8
4
8
4
12
4
9
4
5
4
9
4
13
4
3
4
9
4
5
4
63
4
4
4
5
4
4
4
4
4
8
4
4
4
4
4
4
4
4
4
4
4
9
4
4
4
8
4
5
4
4
4
5
4
13
4
53
4
82
4
8
4
19
4
89
4
7
4
14
4
43
4
8
4
29
4
4
4
10
4
9
4
864
4
3
4
4
4
346
4
23
4
8
4
267
4
8
4
222
4
3
4
6
4
9
4
202
4
357
4
98
4
4
4
602
4
20
4
21
4
42
4
122
4
17
4
122
4
49
4
39
4
276
4
8
4
22
4
4
4
553
4
17
4
18
4
61
4
4
4
14
4
26
4
22
4
19
4
42
4
36
4
35
4
3
4
8
4
43
4
7
4
6
4
4
4
6
4
28
4
8
4
5
4
10
4
16
4
8
4
5
4
6
4
5
4
44
4
4
4
8
4
40
4
12
4
8
4
4
4
74
4
38
4
15
4
8
4
17
4
8
4
4
4
8
4
9
4
4
4
12
4
4
4
12
4
12
4
5
4
4
4
12
4
8
4
36
4
5
4
9
4
14
4
4
4
18
4
5
4
4
4
4
4
9
4
4
4
4
4
4
4
8
4
5
4
4
4
4
4
4
4
39
4
8
4
8
4
9
4
5
4
9
4
4
4
4
4
8
4
5
4
3
4
8
4
5
4
24
4
13
4
4
4
4
4
8
4
4
4
5
4
4
4
4
4
4
4
8
4
4
4
8
4
8
4
4
4
8
4
5
4
4
4
4
4
8
4
4
4
8
4
9
4
4
4
4
4
4
4
8
4
4
4
4
4
5
4
5
4
4
4
4
4
4
4
4
4
5
4
4
4
8
4
5
4
5
4
4
4
4
4
8
4
3
4
4
4
20
4
9
4
5
4
4
4
4
4
9
4
8
4
8
4
4
4
4
4
17
4
8
4
13
4
5
4
4
4
8
4
4
4
4
4
4
4
8
4
5
4
10
4
4
4
11
4
4
4
4
4
3
4
5
4
8
4
4
4
5
4
7
4
5
4
6
4
9
4
5
4
9
4
3
4
36
4
34
4
14
4
18
4
10
4
5
4
10
4
9
4
11
4
6
4
8
4
4
4
4
4
5
4
4
4
5
4
4
4
17
4
4
4
4
4
4
4
4
4
4
4
8
4
4
4
3
4
5
4
4
4
9
4
4
4
15
4
8
4
4
4
4
4
9
4
8
4
18
4
4
4
4
4
4
4
4
4
5
4
24
4
4
4
9
4
4
4
19
4
10
4
13
4
12
4
4
4
40
4
4
4
7
4
4
4
6
4
6
4
8
4
15
4
10
4
8
4
4
4
8
4
4
4
9
4
11
4
4
4
9
4
4
4
17
4
15
4
4
4
8
4
8
4
4
4
15
4
4
4
5
4
5
4
4
4
4
4
4
4
4
4
4
4
4
4
5
4
5
4
4
4
5
4
11
4
4
4
7
4
4
4
8
4
4
4
4
4
20
4
4
4
4
4
4
4
4
4
4
4
4
4
27
4
4
4
17
4
4
4
6
4
7
4
5
4
16
4
5
4
5
4
3
4
13
4
7
4
4
4
4
4
4
4
4
4
6
4
240
4
20
4
20
4
24
4
21
4
16
4
25
4
14
