6
33
6
6
6
6
6
6
6
12
6
78
6
6
6
27
6
18
6
12
6
51
6
12
6
21
6
18
6
12
6
12
6
18
6
6
6
1569
6
42
6
9
6
30
6
12
6
12
6
9
6
9
6
12
6
33
6
9
6
6
6
18
6
6
6
6
6
9
6
9
6
21
6
21
6
9
6
6
6
12
6
6
6
105
6
9
6
12
6
81
6
24
6
6
6
9
6
6
6
6
6
57
6
6
6
6
6
1056
6
138
6
6
6
6
6
3
6
27
6
6
6
6
6
3
6
27
6
15
6
6
6
12
6
15
6
12
6
18
6
15
6
6
6
12
6
15
6
9
6
42
6
6
6
6
6
135
6
21
6
6
6
9
6
48
6
6
6
9
6
3336
6
6
6
6
6
12
6
12
6
6
6
6
6
3
6
12
6
6
6
39
6
15
6
93
6
9
6
9
6
6
6
12
6
6
6
6
6
9
6
12
6
63
6
9
6
6
6
75
6
15
6
15
6
6
6
6
6
600
6
12
6
15
6
9
6
2322
6
15
6
18
6
105
6
12
6
6
6
6
6
12
6
9
6
6
6
15
6
12
6
6
6
18
6
9
6
6
6
6
6
9
6
9
6
9
6
6
6
6
6
12
6
15
6
24
6
9
6
39
6
24
6
12
6
6
6
3
6
402
6
6
6
6
6
42
6
12
6
6
6
6
6
6
6
12
6
27
6
6
6
6
6
9
6
12
6
6
6
12
6
21
6
24
6
24
6
6
6
36
6
66
6
15
6
18
6
9
6
27
6
27
6
21
6
6
6
9
6
6
6
6
6
6
6
36
6
15
6
66
6
6
6
6
6
3
6
6
6
75
6
18
6
9
6
12
6
828
6
6
6
57
6
6
6
12
6
6
6
3
6
15
6
12
6
3
6
12
6
6
6
15
6
6
6
27
6
12
6
75
6
6
6
24
6
204
6
60
6
6
6
6
6
12
6
6
6
3
6
6
6
126
6
6
6
6
6
9
6
6
6
6
6
18
6
12
6
27
6
9
6
9
6
24
6
33
6
15
6
15
6
12
6
336
6
15
6
27
6
27
6
6
6
60
6
6
6
24
6
12
6
18
6
9
6
6
6
18
6
6
6
6
6
27
6
6
6
12
6
24
6
9
6
6
6
9
6
12
6
12
6
42
6
9
6
6
6
15
6
3
6
6
6
45
6
6
6
6
6
12
6
6
6
6
6
6
6
39
6
21
6
39
6
6
6
6
6
162
6
6
6
12
6
12
6
6
6
12
6
3
6
6
6
66
6
33
6
21
6
24
6
6
6
6
6
6
6
9
6
6
6
6
6
12
6
6
6
6
6
12
6
6
6
15
6
927
6
6
6
6
6
6
6
75
6
9
6
6
6
6
6
9
6
9
6
30
6
12
6
6
6
12
6
15
6
6
6
9
6
6
6
12
6
9
6
144
6
18
6
42
6
12
6
459
6
33
6
27
6
12
6
6
6
6
6
15
6
3
6
24
6
39
6
438
6
36
6
387
6
24
6
15
6
858
6
9
6
636
6
12
6
15
6
174
6
1230
6
15
6
9
6
45
6
45
6
6
6
27
6
198
6
69
6
15
6
39
6
486
6
63
6
6
6
42
6
6
6
42
6
36
6
6
6
39
6
66
6
63
6
6
6
9
6
6
6
222
6
81
6
24
6
30
6
12
6
6
6
12
6
12
6
48
6
30
6
6
6
6
6
12
6
12
6
9
6
21
6
6
6
6
6
6
6
12
6
84
6
15
6
6
6
18
6
48
6
6
6
6
6
27
6
6
6
12
6
12
6
12
6
6
6
6
6
6
6
6
6
12
6
9
6
18
6
18
6
9
6
18
6
18
6
54
6
15
6
9
6
30
6
9
6
24
6
6
6
12
6
6
6
6
6
6
6
6
6
30
6
6
6
12
6
27
6
6
6
6
6
6
6
12
6
15
6
12
6
6
6
6
6
12
6
9
6
15
6
6
6
6
6
6
6
6
6
6
6
9
6
24
6
9
6
12
6
9
6
12
6
6
6
6
6
30
6
6
6
9
6
6
6
6
6
6
6
6
6
6
6
6
6
9
6
21
6
6
6
6
6
12
6
6
6
12
6
6
6
6
6
6
6
6
6
9
6
21
6
12
6
51
6
12
6
9
6
81
6
12
6
9
6
6
6
6
6
6
6
6
6
6
6
12
6
6
6
9
6
9
6
6
6
15
6
15
6
6
6
3
6
36
6
3
6
6
6
12
6
12
6
18
6
12
6
12
6
9
6
6
6
6
6
15
6
6
6
6
6
6
6
12
6
6
6
6
6
6
6
30
6
6
6
12
6
15
6
18
6
6
6
6
6
12
6
9
6
12
6
15
6
9
6
18
6
9
6
15
6
6
6
6
6
60
6
6
6
60
6
3
6
30
6
12
6
24
6
9
6
12
6
9
6
24
6
3
6
9
6
3
6
6
6
12
6
33
6
24
6
27
6
27
6
6
6
6
6
12
6
45
6
6
6
6
6
6
6
9
6
15
6
12
6
21
6
12
6
6
6
15
6
27
6
6
6
6
6
18
6
12
6
6
6
21
6
6
6
6
6
6
6
6
6
15
6
21
6
3
6
15
6
39
6
6
6
18
6
9
6
12
6
6
6
6
6
3
6
18
6
9
6
12
6
21
6
15
6
6
6
12
6
6
6
6
6
6
6
6
6
6
6
12
6
33
6
33
6
48
6
9
6
9
6
9
6
6
6
21
6
6
6
6
6
9
6
6
6
6
6
6
6
6
6
6
6
6
6
3
6
12
6
18
6
12
6
6
6
27
6
9
6
9
6
24
6
9
6
12
6
6
6
21
6
6
6
24
6
6
6
9
6
6
6
12
6
6
6
3
6
3
6
30
6
33
6
36
6
27
6
18
6
21
6
30
6
45
6
24
6
21
