1
3
0
3
2
0
2
1
0
3
2
0
1
3
0
3
2
0
0
1
2
0
2
3
1
3
0
3
2
0
0
1
2
0
2
3
4
5
6
4
6
7
4
7
8
1
3
0
3
2
0
2
1
0
3
2
0
4
3
0
1
3
0
3
2
0
0
1
2
0
2
3
1
3
0
3
2
0
0
1
2
0
2
3
0
3
4
5
6
7
5
7
8
9
10
11
9
11
12
9
12
13
9
13
14
1
3
0
3
2
0
2
1
0
3
2
0
4
3
0
5
4
0
6
5
0
9
8
7
10
9
7
1
3
0
3
2
0
2
1
0
3
2
0
1
3
0
3
2
0
2
1
0
3
2
0
6
5
4
7
6
4
1
3
0
3
2
0
2
1
0
3
2
0
1
3
0
3
2
0
0
1
2
0
2
3
1
3
0
3
2
0
0
1
2
0
2
3
0
3
4
1
3
0
3
2
0
0
1
2
0
2
3
0
3
4
1
3
0
3
2
0
0
1
2
0
2
3
1
3
0
3
2
0
0
1
2
0
2
3
4
5
6
4
6
7
8
9
10
8
10
11
1
3
0
3
2
0
2
1
0
3
2
0
1
3
0
3
2
0
0
1
2
0
2
3
0
3
4
5
6
7
5
7
8
9
10
11
9
11
12
9
12
13
9
13
14
9
14
15
9
15
16
9
16
17
1
3
0
3
2
0
0
1
2
0
2
3
0
3
4
1
3
0
3
2
0
0
1
2
0
2
3
1
3
0
3
2
0
0
1
2
0
2
3
1
3
0
3
2
0
0
1
2
0
2
3
0
3
4
1
3
0
3
2
0
0
1
2
0
2
3
4
5
6
4
6
7
1
3
0
3
2
0
0
1
2
0
2
3
4
5
6
4
6
7
8
9
10
8
10
11
8
11
12
1
3
0
3
2
0
0
1
2
0
2
3
4
5
6
4
6
7
8
9
10
8
10
11
8
11
12
8
12
13
1
3
0
3
2
0
0
1
2
0
2
3
1
3
0
3
2
0
0
1
2
0
2
3
0
3
4
0
4
5
0
5
6
7
8
9
7
9
10
11
12
13
11
13
14
1
3
0
3
2
0
0
1
2
0
2
3
1
3
0
3
2
0
0
1
2
0
2
3
1
3
0
3
2
0
0
1
2
0
2
3
1
3
0
3
2
0
0
1
2
0
2
3
0
3
4
1
3
0
3
2
0
0
1
2
0
2
3
4
5
6
4
6
7
1
3
0
3
2
0
0
1
2
0
2
3
0
3
4
1
3
0
3
2
0
0
1
2
0
2
3
1
3
0
3
2
0
0
1
2
0
2
3
0
3
4
0
4
5
1
3
0
3
2
0
0
1
2
0
2
3
4
5
6
4
6
7
1
3
0
3
2
0
0
1
2
0
2
3
1
3
0
3
2
0
0
1
2
0
2
3
0
3
4
1
3
0
3
2
0
0
1
2
0
2
3
0
3
4
5
6
7
5
7
8
9
10
11
9
11
12
9
12
13
9
13
14
1
3
0
3
2
0
0
1
2
0
2
3
4
5
6
4
6
7
1
3
0
3
2
0
0
1
2
0
2
3
0
3
4
1
3
0
3
2
0
0
1
2
0
2
3
1
3
0
3
2
0
0
1
2
0
2
3
4
5
6
4
6
7
1
3
0
3
2
0
0
1
2
0
2
3
4
5
6
4
6
7
8
9
10
8
10
11
8
11
12
13
14
15
13
15
16
1
3
0
3
2
0
2
1
0
3
2
0
6
5
4
7
6
4
10
9
8
11
10
8
14
13
12
15
14
12
16
15
12
19
18
17
22
21
20
23
22
20
1
3
0
3
2
0
0
1
2
0
2
3
0
3
4
1
3
0
3
2
0
0
1
2
0
2
3
0
3
4
0
4
5
0
5
6
0
6
7
0
7
8
0
8
9
0
9
10
11
12
13
14
15
16
14
16
17
14
17
18
14
18
19
20
21
22
20
22
23
24
25
26
24
26
27
24
27
28
1
3
0
3
2
0
0
1
2
0
2
3
4
5
6
4
6
7
4
7
8
1
3
0
3
2
0
0
1
2
0
2
3
4
5
6
4
6
7
4
7
8
9
10
11
9
11
12
13
14
15
13
15
16
1
3
0
3
2
0
0
1
2
0
2
3
0
3
4
1
3
0
3
2
0
0
1
2
0
2
3
1
3
0
3
2
0
2
1
0
3
2
0
4
3
0
5
4
0
1
3
0
3
2
0
0
1
2
0
2
3
4
5
6
4
6
7
1
3
0
3
2
0
2
1
0
5
4
3
6
5
3
9
8
7
10
9
7
11
10
7
14
13
12
15
14
12
18
17
16
19
18
16
20
19
16
23
22
21
24
23
21
27
26
25
28
27
25
29
28
25
30
29
25
31
30
25
32
31
25
33
32
25
34
33
25
35
34
25
36
35
25
37
36
25
40
39
38
41
40
38
42
41
38
45
44
43
48
47
46
49
48
46
50
49
46
53
52
51
54
53
51
55
54
51
56
55
51
59
58
57
62
61
60
63
62
60
64
63
60
67
66
65
70
69
68
71
70
68
74
73
72
75
74
72
76
75
72
79
78
77
80
79
77
81
80
77
84
83
82
85
84
82
86
85
82
87
86
82
90
89
88
91
90
88
1
3
0
3
2
0
0
1
2
0
2
3
1
3
0
3
2
0
2
1
0
3
2
0
4
3
0
5
4
0
1
3
0
3
2
0
0
1
2
0
2
3
1
3
0
3
2
0
2
1
0
3
2
0
6
5
4
7
6
4
8
7
4
9
8
4
10
9
4
11
10
4
14
13
12
15
14
12
16
15
12
17
16
12
20
19
18
21
20
18
22
21
18
23
22
18
24
23
18
25
24
18
26
25
18
27
26
18
28
27
18
31
30
29
32
31
29
33
32
29
34
33
29
37
36
35
38
37
35
39
38
35
42
41
40
43
42
40
44
43
40
47
46
45
48
47
45
49
48
45
52
51
50
53
52
50
54
53
50
57
56
55
58
57
55
59
58
55
60
59
55
61
60
55
62
61
55
63
62
55
66
65
64
67
66
64
70
69
68
71
70
68
72
71
68
75
74
73
76
75
73
79
78
77
80
79
77
81
80
77
84
83
82
87
86
85
88
87
85
89
88
85
92
91
90
93
92
90
94
93
90
95
94
90
98
97
96
101
100
99
102
101
99
105
104
103
106
105
103
107
106
103
108
107
103
109
108
103
110
109
103
111
110
103
114
113
112
117
116
115
118
117
115
119
118
115
120
119
115
121
120
115
124
123
122
127
126
125
128
127
125
129
128
125
132
131
130
133
132
130
136
135
134
137
136
134
140
139
138
141
140
138
144
143
142
145
144
142
146
145
142
149
148
147
150
149
147
153
152
151
154
153
151
157
156
155
158
157
155
159
158
155
162
161
160
163
162
160
164
163
160
165
164
160
168
167
166
169
168
166
172
171
170
173
172
170
176
175
174
177
176
174
180
179
178
181
180
178
182
181
178
183
182
178
184
183
178
187
186
185
190
189
188
191
190
188
192
191
188
193
192
188
196
195
194
199
198
197
200
199
197
203
202
201
204
203
201
207
206
205
210
209
208
211
210
208
212
211
208
213
212
208
214
213
208
217
216
215
218
217
215
221
220
219
222
221
219
223
222
219
224
223
219
227
226
225
228
227
225
229
228
225
230
229
225
231
230
225
232
231
225
233
232
225
234
233
225
237
236
235
238
237
235
239
238
235
240
239
235
241
240
235
244
243
242
245
244
242
248
247
246
249
248
246
250
249
246
251
250
246
252
251
246
253
252
246
254
253
246
257
256
255
260
259
258
261
260
258
262
261
258
263
262
258
264
263
258
267
266
265
268
267
265
271
270
269
272
271
269
273
272
269
274
273
269
275
274
269
276
275
269
277
276
269
280
279
278
281
280
278
284
283
282
285
284
282
288
287
286
289
288
286
290
289
286
291
290
286
294
293
292
295
294
292
298
297
296
299
298
296
300
299
296
301
300
296
304
303
302
305
304
302
306
305
302
309
308
307
310
309
307
313
312
311
314
313
311
317
316
315
318
317
315
321
320
319
322
321
319
323
322
319
326
325
324
327
326
324
328
327
324
331
330
329
332
331
329
333
332
329
336
335
334
337
336
334
338
337
334
341
340
339
342
341
339
343
342
339
346
345
344
347
346
344
348
347
344
349
348
344
350
349
344
353
352
351
354
353
351
355
354
351
358
357
356
361
360
359
362
361
359
363
362
359
364
363
359
365
364
359
366
365
359
369
368
367
370
369
367
371
370
367
372
371
367
373
372
367
374
373
367
375
374
367
378
377
376
379
378
376
380
379
376
383
382
381
384
383
381
385
384
381
388
387
386
389
388
386
390
389
386
391
390
386
394
393
392
395
394
392
398
397
396
399
398
396
402
401
400
405
404
403
406
405
403
407
406
403
408
407
403
411
410
409
414
413
412
415
414
412
416
415
412
419
418
417
420
419
417
421
420
417
422
421
417
425
424
423
428
427
426
429
428
426
430
429
426
433
432
431
434
433
431
437
436
435
440
439
438
441
440
438
442
441
438
443
442
438
444
443
438
445
444
438
448
447
446
449
448
446
452
451
450
453
452
450
454
453
450
457
456
455
458
457
455
1
3
0
3
2
0
0
1
2
0
2
3
4
5
6
4
6
7
4
7
8
4
8
9
10
11
12
10
12
13
10
13
14
1
3
0
3
2
0
2
1
0
3
2
0
4
3
0
5
4
0
1
3
0
3
2
0
0
1
2
0
2
3
4
5
6
4
6
7
4
7
8
9
10
11
9
11
12
9
12
13
1
3
0
3
2
0
2
1
0
3
2
0
4
3
0
7
6
5
8
7
5
11
10
9
12
11
9
15
14
13
16
15
13
19
18
17
20
19
17
23
22
21
24
23
21
27
26
25
28
27
25
31
30
29
32
31
29
1
3
0
3
2
0
0
1
2
0
2
3
1
3
0
3
2
0
2
1
0
3
2
0
1
3
0
3
2
0
0
1
2
0
2
3
4
5
6
4
6
7
8
9
10
8
10
11
8
11
12
1
3
0
3
2
0
0
1
2
0
2
3
4
5
6
4
6
7
8
9
10
8
10
11
1
3
0
3
2
0
0
1
2
0
2
3
4
5
6
4
6
7
1
3
0
3
2
0
2
1
0
3
2
0
6
5
4
7
6
4
1
3
0
3
2
0
0
1
2
0
2
3
1
3
0
3
2
0
0
1
2
0
2
3
1
3
0
3
2
0
0
1
2
0
2
3
1
3
0
3
2
0
2
1
0
3
2
0
1
3
0
3
2
0
0
1
2
0
2
3
4
5
6
4
6
7
1
3
0
3
2
0
2
1
0
3
2
0
6
5
4
7
6
4
10
9
8
11
10
8
14
13
12
15
14
12
1
3
0
3
2
0
2
1
0
3
2
0
4
3
0
7
6
5
8
7
5
9
8
5
10
9
5
11
10
5
12
11
5
15
14
13
16
15
13
17
16
13
20
19
18
21
20
18
24
23
22
27
26
25
28
27
25
29
28
25
32
31
30
35
34
33
36
35
33
37
36
33
38
37
33
39
38
33
40
39
33
41
40
33
42
41
33
43
42
33
44
43
33
45
44
33
46
45
33
49
48
47
50
49
47
53
52
51
54
53
51
55
54
51
56
55
51
57
56
51
60
59
58
61
60
58
62
61
58
63
62
58
64
63
58
67
66
65
68
67
65
69
68
65
70
69
65
73
72
71
74
73
71
77
76
75
78
77
75
81
80
79
82
81
79
83
82
79
84
83
79
85
84
79
86
85
79
87
86
79
88
87
79
89
88
79
90
89
79
93
92
91
96
95
94
97
96
94
98
97
94
99
98
94
100
99
94
101
100
94
102
101
94
103
102
94
106
105
104
107
106
104
108
107
104
109
108
104
110
109
104
111
110
104
114
113
112
115
114
112
116
115
112
117
116
112
120
119
118
121
120
118
122
121
118
125
124
123
126
125
123
127
126
123
128
127
123
131
130
129
132
131
129
135
134
133
136
135
133
139
138
137
140
139
137
141
140
137
142
141
137
143
142
137
144
143
137
147
146
145
148
147
145
151
150
149
152
151
149
153
152
149
156
155
154
157
156
154
158
157
154
159
158
154
160
159
154
161
160
154
162
161
154
165
164
163
166
165
163
167
166
163
170
169
168
171
170
168
172
171
168
175
174
173
176
175
173
177
176
173
178
177
173
181
180
179
182
181
179
185
184
183
186
185
183
187
186
183
188
187
183
191
190
189
192
191
189
195
194
193
196
195
193
199
198
197
200
199
197
201
200
197
202
201
197
205
204
203
206
205
203
209
208
207
210
209
207
211
210
207
212
211
207
215
214
213
218
217
216
219
218
216
220
219
216
221
220
216
222
221
216
223
222
216
226
225
224
227
226
224
230
229
228
231
230
228
232
231
228
233
232
228
236
235
234
237
236
234
238
237
234
241
240
239
244
243
242
245
244
242
246
245
242
247
246
242
248
247
242
251
250
249
252
251
249
255
254
253
256
255
253
257
256
253
258
257
253
259
258
253
262
261
260
263
262
260
264
263
260
267
266
265
268
267
265
269
268
265
272
271
270
273
272
270
276
275
274
277
276
274
280
279
278
281
280
278
282
281
278
285
284
283
286
285
283
287
286
283
288
287
283
289
288
283
290
289
283
291
290
283
294
293
292
295
294
292
298
297
296
299
298
296
300
299
296
303
302
301
304
303
301
305
304
301
308
307
306
309
308
306
310
309
306
313
312
311
314
313
311
315
314
311
316
315
311
317
316
311
320
319
318
321
320
318
322
321
318
325
324
323
326
325
323
327
326
323
328
327
323
331
330
329
332
331
329
333
332
329
336
335
334
339
338
337
340
339
337
343
342
341
344
343
341
347
346
345
348
347
345
349
348
345
352
351
350
355
354
353
356
355
353
359
358
357
360
359
357
363
362
361
364
363
361
365
364
361
368
367
366
369
368
366
372
371
370
373
372
370
374
373
370
375
374
370
378
377
376
379
378
376
380
379
376
383
382
381
384
383
381
385
384
381
386
385
381
387
386
381
388
387
381
391
390
389
392
391
389
393
392
389
394
393
389
395
394
389
398
397
396
399
398
396
400
399
396
401
400
396
404
403
402
405
404
402
408
407
406
409
408
406
412
411
410
413
412
410
414
413
410
415
414
410
418
417
416
419
418
416
420
419
416
421
420
416
424
423
422
427
426
425
428
427
425
429
428
425
432
431
430
435
434
433
436
435
433
439
438
437
440
439
437
443
442
441
444
443
441
445
444
441
446
445
441
447
446
441
450
449
448
451
450
448
454
453
452
455
454
452
456
455
452
457
456
452
458
457
452
461
460
459
462
461
459
463
462
459
466
465
464
467
466
464
468
467
464
471
470
469
472
471
469
475
474
473
476
475
473
477
476
473
478
477
473
481
480
479
482
481
479
483
482
479
484
483
479
485
484
479
486
485
479
489
488
487
490
489
487
491
490
487
494
493
492
495
494
492
498
497
496
499
498
496
500
499
496
503
502
501
504
503
501
505
504
501
506
505
501
507
506
501
508
507
501
509
508
501
512
511
510
515
514
513
516
515
513
517
516
513
520
519
518
523
522
521
524
523
521
525
524
521
526
525
521
529
528
527
530
529
527
531
530
527
532
531
527
535
534
533
536
535
533
539
538
537
540
539
537
541
540
537
544
543
542
545
544
542
546
545
542
547
546
542
548
547
542
551
550
549
552
551
549
553
552
549
554
553
549
557
556
555
560
559
558
561
560
558
562
561
558
563
562
558
564
563
558
565
564
558
566
565
558
569
568
567
570
569
567
571
570
567
572
571
567
575
574
573
576
575
573
579
578
577
580
579
577
583
582
581
584
583
581
585
584
581
586
585
581
589
588
587
590
589
587
591
590
587
594
593
592
595
594
592
596
595
592
597
596
592
598
597
592
599
598
592
600
599
592
601
600
592
604
603
602
605
604
602
606
605
602
607
606
602
610
609
608
611
610
608
612
611
608
615
614
613
616
615
613
617
616
613
620
619
618
621
620
618
622
621
618
623
622
618
624
623
618
625
624
618
626
625
618
627
626
618
630
629
628
631
630
628
634
633
632
635
634
632
636
635
632
639
638
637
640
639
637
641
640
637
644
643
642
645
644
642
646
645
642
647
646
642
650
649
648
653
652
651
654
653
651
655
654
651
656
655
651
659
658
657
660
659
657
661
660
657
664
663
662
665
664
662
666
665
662
667
666
662
670
669
668
673
672
671
674
673
671
677
676
675
678
677
675
681
680
679
682
681
679
685
684
683
686
685
683
689
688
687
690
689
687
691
690
687
692
691
687
693
692
687
696
695
694
697
696
694
700
699
698
701
700
698
702
701
698
705
704
703
706
705
703
709
708
707
710
709
707
713
712
711
714
713
711
717
716
715
718
717
715
719
718
715
722
721
720
723
722
720
726
725
724
727
726
724
728
727
724
729
728
724
732
731
730
733
732
730
736
735
734
737
736
734
740
739
738
741
740
738
742
741
738
743
742
738
744
743
738
747
746
745
750
749
748
751
750
748
752
751
748
755
754
753
756
755
753
757
756
753
758
757
753
761
760
759
762
761
759
765
764
763
766
765
763
767
766
763
770
769
768
773
772
771
774
773
771
775
774
771
778
777
776
779
778
776
780
779
776
781
780
776
782
781
776
783
782
776
784
783
776
785
784
776
786
785
776
789
788
787
790
789
787
793
792
791
794
793
791
795
794
791
796
795
791
797
796
791
798
797
791
801
800
799
804
803
802
805
804
802
806
805
802
807
806
802
808
807
802
809
808
802
812
811
810
813
812
810
814
813
810
815
814
810
818
817
816
819
818
816
822
821
820
823
822
820
824
823
820
827
826
825
828
827
825
829
828
825
832
831
830
833
832
830
836
835
834
837
836
834
840
839
838
841
840
838
842
841
838
845
844
843
848
847
846
849
848
846
850
849
846
851
850
846
852
851
846
855
854
853
856
855
853
857
856
853
858
857
853
861
860
859
862
861
859
863
862
859
866
865
864
867
866
864
868
867
864
869
868
864
870
869
864
873
872
871
874
873
871
875
874
871
876
875
871
877
876
871
878
877
871
879
878
871
882
881
880
883
882
880
884
883
880
885
884
880
888
887
886
891
890
889
892
891
889
893
892
889
894
893
889
895
894
889
898
897
896
899
898
896
902
901
900
905
904
903
906
905
903
907
906
903
908
907
903
909
908
903
910
909
903
911
910
903
912
911
903
915
914
913
916
915
913
917
916
913
920
919
918
921
920
918
924
923
922
925
924
922
926
925
922
927
926
922
928
927
922
929
928
922
930
929
922
931
930
922
932
931
922
933
932
922
936
935
934
939
938
937
940
939
937
941
940
937
944
943
942
945
944
942
946
945
942
949
948
947
950
949
947
953
952
951
954
953
951
957
956
955
958
957
955
961
960
959
962
961
959
965
964
963
966
965
963
967
966
963
970
969
968
971
970
968
972
971
968
975
974
973
976
975
973
979
978
977
980
979
977
983
982
981
984
983
981
987
986
985
988
987
985
989
988
985
990
989
985
993
992
991
996
995
994
997
996
994
1000
999
998
1001
1000
998
1004
1003
1002
1005
1004
1002
1006
1005
1002
1007
1006
1002
1008
1007
1002
1009
1008
1002
1012
1011
1010
1013
1012
1010
1014
1013
1010
1017
1016
1015
1018
1017
1015
1021
1020
1019
1022
1021
1019
1023
1022
1019
1024
1023
1019
1027
1026
1025
1030
1029
1028
1031
1030
1028
1032
1031
1028
1035
1034
1033
1036
1035
1033
1039
1038
1037
1040
1039
1037
1043
1042
1041
1044
1043
1041
1047
1046
1045
1048
1047
1045
1051
1050
1049
1052
1051
1049
1055
1054
1053
1056
1055
1053
1057
1056
1053
1060
1059
1058
1061
1060
1058
1062
1061
1058
1063
1062
1058
1066
1065
1064
1067
1066
1064
1070
1069
1068
1073
1072
1071
1074
1073
1071
1075
1074
1071
1078
1077
1076
1081
1080
1079
1082
1081
1079
1083
1082
1079
1084
1083
1079
1085
1084
1079
1088
1087
1086
1089
1088
1086
1090
1089
1086
1093
1092
1091
1094
1093
1091
1097
1096
1095
1098
1097
1095
1101
1100
1099
1102
1101
1099
1103
1102
1099
1106
1105
1104
1107
1106
1104
1108
1107
1104
1111
1110
1109
1112
1111
1109
1113
1112
1109
1114
1113
1109
1117
1116
1115
1118
1117
1115
1119
1118
1115
1120
1119
1115
1121
1120
1115
1122
1121
1115
1123
1122
1115
1124
1123
1115
1127
1126
1125
1130
1129
1128
1131
1130
1128
1132
1131
1128
1135
1134
1133
1138
1137
1136
1139
1138
1136
1140
1139
1136
1143
1142
1141
1144
1143
1141
1145
1144
1141
1148
1147
1146
1149
1148
1146
1150
1149
1146
1153
1152
1151
1154
1153
1151
1155
1154
1151
1156
1155
1151
1157
1156
1151
1158
1157
1151
1161
1160
1159
1162
1161
1159
1163
1162
1159
1164
1163
1159
1167
1166
1165
1168
1167
1165
1169
1168
1165
1170
1169
1165
1171
1170
1165
1174
1173
1172
1177
1176
1175
1178
1177
1175
1179
1178
1175
1182
1181
1180
1183
1182
1180
1186
1185
1184
1187
1186
1184
1188
1187
1184
1191
1190
1189
1192
1191
1189
1195
1194
1193
1196
1195
1193
1197
1196
1193
1198
1197
1193
1199
1198
1193
1200
1199
1193
1201
1200
1193
1202
1201
1193
1203
1202
1193
1206
1205
1204
1207
1206
1204
1210
1209
1208
1211
1210
1208
1212
1211
1208
1215
1214
1213
1216
1215
1213
1219
1218
1217
1220
1219
1217
1223
1222
1221
1224
1223
1221
1225
1224
1221
1226
1225
1221
1227
1226
1221
1230
1229
1228
1233
1232
1231
1234
1233
1231
1235
1234
1231
1236
1235
1231
1237
1236
1231
1240
1239
1238
1243
1242
1241
1244
1243
1241
1247
1246
1245
1248
1247
1245
1251
1250
1249
1252
1251
1249
1253
1252
1249
1254
1253
1249
1255
1254
1249
1258
1257
1256
1259
1258
1256
1262
1261
1260
1263
1262
1260
1266
1265
1264
1267
1266
1264
1270
1269
1268
1271
1270
1268
1
3
0
3
2
0
0
1
2
0
2
3
1
3
0
3
2
0
2
1
0
3
2
0
4
3
0
5
4
0
6
5
0
9
8
7
10
9
7
13
12
11
14
13
11
15
14
11
18
17
16
19
18
16
20
19
16
21
20
16
24
23
22
27
26
25
28
27
25
29
28
25
30
29
25
33
32
31
36
35
34
37
36
34
38
37
34
41
40
39
42
41
39
45
44
43
46
45
43
49
48
47
50
49
47
53
52
51
54
53
51
57
56
55
58
57
55
61
60
59
62
61
59
65
64
63
66
65
63
69
68
67
70
69
67
73
72
71
74
73
71
77
76
75
78
77
75
81
80
79
82
81
79
85
84
83
86
85
83
89
88
87
90
89
87
93
92
91
94
93
91
97
96
95
100
99
98
101
100
98
104
103
102
105
104
102
108
107
106
111
110
109
112
111
109
113
112
109
114
113
109
117
116
115
118
117
115
121
120
119
122
121
119
125
124
123
126
125
123
127
126
123
128
127
123
129
128
123
132
131
130
133
132
130
134
133
130
137
136
135
1
3
0
3
2
0
2
1
0
5
4
3
6
5
3
7
6
3
8
7
3
1
3
0
3
2
0
2
1
0
3
2
0
4
3
0
7
6
5
8
7
5
11
10
9
12
11
9
13
12
9
16
15
14
17
16
14
20
19
18
21
20
18
22
21
18
1
3
0
3
2
0
0
1
2
0
2
3
4
5
6
4
6
7
8
9
10
8
10
11
1
3
0
3
2
0
0
1
2
0
2
3
0
3
4
0
4
5
1
3
0
3
2
0
2
1
0
1
3
0
3
2
0
0
1
2
0
2
3
4
5
6
4
6
7
8
9
10
8
10
11
12
13
14
12
14
15
12
15
16
12
16
17
1
3
0
3
2
0
0
1
2
0
2
3
0
3
4
1
3
0
3
2
0
2
1
0
3
2
0
1
3
0
3
2
0
0
1
2
0
2
3
1
3
0
3
2
0
0
1
2
0
2
3
4
5
6
4
6
7
8
9
10
8
10
11
12
13
14
12
14
15
1
3
0
3
2
0
0
1
2
0
2
3
0
3
4
0
4
5
1
3
0
3
2
0
2
1
0
3
2
0
6
5
4
7
6
4
8
7
4
1
3
0
3
2
0
2
1
0
3
2
0
1
3
0
3
2
0
2
1
0
3
2
0
4
3
0
1
3
0
3
2
0
2
1
0
3
2
0
1
3
0
3
2
0
2
1
0
5
4
3
6
5
3
7
6
3
10
9
8
11
10
8
14
13
12
17
16
15
18
17
15
19
18
15
22
21
20
25
24
23
26
25
23
27
26
23
30
29
28
31
30
28
34
33
32
35
34
32
36
35
32
37
36
32
40
39
38
41
40
38
42
41
38
43
42
38
46
45
44
1
3
0
3
2
0
2
1
0
3
2
0
4
3
0
7
6
5
8
7
5
9
8
5
12
11
10
13
12
10
16
15
14
17
16
14
20
19
18
21
20
18
22
21
18
25
24
23
26
25
23
29
28
27
30
29
27
31
30
27
34
33
32
35
34
32
38
37
36
39
38
36
40
39
36
43
42
41
44
43
41
47
46
45
48
47
45
1
3
0
3
2
0
0
1
2
0
2
3
1
3
0
3
2
0
0
1
2
0
2
3
4
5
6
4
6
7
1
3
0
3
2
0
0
1
2
0
2
3
1
3
0
3
2
0
0
1
2
0
2
3
1
3
0
3
2
0
2
1
0
3
2
0
1
3
0
3
2
0
0
1
2
0
2
3
1
3
0
3
2
0
0
1
2
0
2
3
4
5
6
4
6
7
4
7
8
9
10
11
9
11
12
13
14
15
13
15
16
13
16
17
18
19
20
18
20
21
18
21
22
1
3
0
3
2
0
0
1
2
0
2
3
0
3
4
1
3
0
3
2
0
0
1
2
0
2
3
1
3
0
3
2
0
0
1
2
0
2
3
0
3
4
5
6
7
5
7
8
1
3
0
3
2
0
2
1
0
3
2
0
6
5
4
7
6
4
1
3
0
3
2
0
2
1
0
3
2
0
1
3
0
3
2
0
0
1
2
0
2
3
1
3
0
3
2
0
0
1
2
0
2
3
1
3
0
3
2
0
0
1
2
0
2
3
1
3
0
3
2
0
0
1
2
0
2
3
4
5
6
4
6
7
1
3
0
3
2
0
0
1
2
0
2
3
0
3
4
0
4
5
6
7
8
6
8
9
1
3
0
3
2
0
2
1
0
3
2
0
1
3
0
3
2
0
2
1
0
3
2
0
4
3
0
5
4
0
6
5
0
7
6
0
8
7
0
9
8
0
10
9
0
11
10
0
12
11
0
13
12
0
16
15
14
17
16
14
18
17
14
21
20
19
22
21
19
25
24
23
26
25
23
29
28
27
30
29
27
33
32
31
34
33
31
35
34
31
38
37
36
39
38
36
40
39
36
43
42
41
44
43
41
45
44
41
46
45
41
49
48
47
50
49
47
51
50
47
54
53
52
55
54
52
58
57
56
59
58
56
62
61
60
63
62
60
66
65
64
67
66
64
68
67
64
71
70
69
72
71
69
75
74
73
76
75
73
77
76
73
78
77
73
81
80
79
82
81
79
85
84
83
88
87
86
89
88
86
90
89
86
91
90
86
92
91
86
93
92
86
94
93
86
95
94
86
96
95
86
97
96
86
98
97
86
101
100
99
102
101
99
103
102
99
106
105
104
107
106
104
108
107
104
109
108
104
112
111
110
113
112
110
116
115
114
117
116
114
118
117
114
119
118
114
122
121
120
123
122
120
124
123
120
127
126
125
128
127
125
131
130
129
132
131
129
133
132
129
136
135
134
137
136
134
140
139
138
141
140
138
142
141
138
143
142
138
146
145
144
147
146
144
150
149
148
151
150
148
154
153
152
155
154
152
156
155
152
157
156
152
158
157
152
159
158
152
160
159
152
161
160
152
162
161
152
163
162
152
164
163
152
167
166
165
168
167
165
171
170
169
172
171
169
175
174
173
176
175
173
177
176
173
178
177
173
181
180
179
182
181
179
185
184
183
186
185
183
187
186
183
190
189
188
191
190
188
194
193
192
195
194
192
198
197
196
199
198
196
200
199
196
203
202
201
204
203
201
207
206
205
208
207
205
211
210
209
212
211
209
215
214
213
218
217
216
219
218
216
222
221
220
223
222
220
224
223
220
225
224
220
228
227
226
229
228
226
230
229
226
231
230
226
234
233
232
235
234
232
236
235
232
239
238
237
240
239
237
241
240
237
244
243
242
245
244
242
246
245
242
247
246
242
248
247
242
249
248
242
250
249
242
253
252
251
254
253
251
257
256
255
258
257
255
259
258
255
262
261
260
263
262
260
266
265
264
267
266
264
270
269
268
271
270
268
272
271
268
273
272
268
276
275
274
277
276
274
280
279
278
281
280
278
282
281
278
285
284
283
286
285
283
289
288
287
290
289
287
293
292
291
294
293
291
297
296
295
300
299
298
301
300
298
304
303
302
305
304
302
308
307
306
309
308
306
310
309
306
313
312
311
314
313
311
315
314
311
316
315
311
317
316
311
318
317
311
319
318
311
322
321
320
323
322
320
326
325
324
327
326
324
330
329
328
331
330
328
332
331
328
335
334
333
336
335
333
339
338
337
340
339
337
341
340
337
344
343
342
345
344
342
348
347
346
349
348
346
352
351
350
353
352
350
354
353
350
357
356
355
358
357
355
361
360
359
362
361
359
363
362
359
364
363
359
365
364
359
368
367
366
369
368
366
372
371
370
373
372
370
376
375
374
379
378
377
380
379
377
381
380
377
382
381
377
385
384
383
386
385
383
389
388
387
390
389
387
393
392
391
396
395
394
397
396
394
400
399
398
401
400
398
404
403
402
405
404
402
408
407
406
409
408
406
410
409
406
411
410
406
414
413
412
415
414
412
416
415
412
417
416
412
418
417
412
421
420
419
422
421
419
423
422
419
426
425
424
427
426
424
430
429
428
431
430
428
432
431
428
435
434
433
436
435
433
437
436
433
440
439
438
443
442
441
444
443
441
447
446
445
448
447
445
451
450
449
452
451
449
453
452
449
456
455
454
457
456
454
458
457
454
461
460
459
464
463
462
465
464
462
466
465
462
467
466
462
470
469
468
473
472
471
476
475
474
477
476
474
480
479
478
481
480
478
482
481
478
483
482
478
486
485
484
487
486
484
490
489
488
491
490
488
494
493
492
495
494
492
1
3
0
3
2
0
0
1
2
0
2
3
0
3
4
1
3
0
3
2
0
0
1
2
0
2
3
1
3
0
3
2
0
0
1
2
0
2
3
1
3
0
3
2
0
0
1
2
0
2
3
1
3
0
3
2
0
2
1
0
3
2
0
6
5
4
7
6
4
10
9
8
11
10
8
12
11
8
15
14
13
16
15
13
1
3
0
3
2
0
0
1
2
0
2
3
1
3
0
3
2
0
0
1
2
0
2
3
1
3
0
3
2
0
2
1
0
3
2
0
6
5
4
7
6
4
1
3
0
3
2
0
2
1
0
3
2
0
1
3
0
3
2
0
0
1
2
0
2
3
0
3
4
1
3
0
3
2
0
2
1
0
3
2
0
4
3
0
5
4
0
1
3
0
3
2
0
0
1
2
0
2
3
4
5
6
4
6
7
1
3
0
3
2
0
0
1
2
1
3
0
3
2
0
0
1
2
0
2
3
4
5
6
4
6
7
1
3
0
3
2
0
0
1
2
0
2
3
4
5
6
4
6
7
1
3
0
3
2
0
0
1
2
0
2
3
4
5
6
4
6
7
1
3
0
3
2
0
0
1
2
0
2
3
1
3
0
3
2
0
2
1
0
3
2
0
4
3
0
5
4
0
8
7
6
9
8
6
12
11
10
13
12
10
14
13
10
1
3
0
3
2
0
0
1
2
0
2
3
0
3
4
5
6
7
5
7
8
1
3
0
3
2
0
0
1
2
0
2
3
0
3
4
5
6
7
5
7
8
9
10
11
9
11
12
1
3
0
3
2
0
0
1
2
0
2
3
4
5
6
4
6
7
1
3
0
3
2
0
0
1
2
1
3
0
3
2
0
0
1
2
0
2
3
4
5
6
4
6
7
4
7
8
1
3
0
3
2
0
0
1
2
0
2
3
4
5
6
4
6
7
8
9
10
8
10
11
12
13
14
12
14
15
16
17
18
16
18
19
16
19
20
1
3
0
3
2
0
2
1
0
3
2
0
6
5
4
7
6
4
10
9
8
11
10
8
14
13
12
15
14
12
16
15
12
1
3
0
3
2
0
0
1
2
0
2
3
4
5
6
4
6
7
8
9
10
8
10
11
12
13
14
12
14
15
12
15
16
12
16
17
18
19
20
18
20
21
22
23
24
22
24
25
26
27
28
26
28
29
30
31
32
30
32
33
34
35
36
34
36
37
1
3
0
3
2
0
2
1
0
3
2
0
6
5
4
7
6
4
1
3
0
3
2
0
2
1
0
3
2
0
6
5
4
7
6
4
10
9
8
11
10
8
14
13
12
15
14
12
18
17
16
19
18
16
22
21
20
23
22
20
24
23
20
27
26
25
28
27
25
31
30
29
32
31
29
35
34
33
36
35
33
39
38
37
40
39
37
1
3
0
3
2
0
0
1
2
0
2
3
0
3
4
5
6
7
5
7
8
9
10
11
9
11
12
9
12
13
9
13
14
9
14
15
9
15
16
9
16
17
18
19
20
18
20
21
18
21
22
18
22
23
1
3
0
3
2
0
0
1
2
0
2
3
1
3
0
3
2
0
0
1
2
0
2
3
1
3
0
3
2
0
0
1
2
0
2
3
1
3
0
3
2
0
0
1
2
0
2
3
1
3
0
3
2
0
0
1
2
3
4
5
3
5
6
1
3
0
3
2
0
0
1
2
0
2
3
4
5
6
4
6
7
4
7
8
4
8
9
4
9
10
1
3
0
3
2
0
0
1
2
0
2
3
1
3
0
3
2
0
0
1
2
0
2
3
1
3
0
3
2
0
2
1
0
3
2
0
4
3
0
5
4
0
6
5
0
7
6
0
8
7
0
9
8
0
1
3
0
3
2
0
2
1
0
3
2
0
4
3
0
5
4
0
1
3
0
3
2
0
2
1
0
3
2
0
4
3
0
7
6
5
8
7
5
11
10
9
12
11
9
13
12
9
1
3
0
3
2
0
2
1
0
3
2
0
4
3
0
1
3
0
3
2
0
0
1
2
0
2
3
0
3
4
1
3
0
3
2
0
2
1
0
3
2
0
6
5
4
7
6
4
8
7
4
11
10
9
12
11
9
15
14
13
16
15
13
19
18
17
20
19
17
1
3
0
3
2
0
2
1
0
3
2
0
4
3
0
5
4
0
8
7
6
11
10
9
12
11
9
13
12
9
16
15
14
17
16
14
1
3
0
3
2
0
0
1
2
0
2
3
0
3
4
5
6
7
5
7
8
5
8
9
1
3
0
3
2
0
0
1
2
0
2
3
4
5
6
4
6
7
1
3
0
3
2
0
2
1
0
1
3
0
3
2
0
0
1
2
0
2
3
1
3
0
3
2
0
0
1
2
0
2
3
4
5
6
4
6
7
1
3
0
3
2
0
0
1
2
0
2
3
0
3
4
1
3
0
3
2
0
2
1
0
3
2
0
1
3
0
3
2
0
2
1
0
3
2
0
4
3
0
5
4
0
8
7
6
9
8
6
10
9
6
1
3
0
3
2
0
2
1
0
3
2
0
1
3
0
3
2
0
2
1
0
3
2
0
1
3
0
3
2
0
0
1
2
0
2
3
4
5
6
4
6
7
1
3
0
3
2
0
2
1
0
1
3
0
3
2
0
0
1
2
0
2
3
0
3
4
0
4
5
6
7
8
6
8
9
6
9
10
11
12
13
11
13
14
11
14
15
11
15
16
17
18
19
17
19
20
17
20
21
17
21
22
1
3
0
3
2
0
0
1
2
0
2
3
1
3
0
3
2
0
0
1
2
0
2
3
1
3
0
3
2
0
0
1
2
0
2
3
0
3
4
1
3
0
3
2
0
2
1
0
3
2
0
1
3
0
3
2
0
0
1
2
0
2
3
1
3
0
3
2
0
0
1
2
0
2
3
0
3
4
1
3
0
3
2
0
0
1
2
0
2
3
1
3
0
3
2
0
2
1
0
3
2
0
4
3
0
5
4
0
6
5
0
7
6
0
8
7
0
9
8
0
10
9
0
13
12
11
16
15
14
17
16
14
18
17
14
19
18
14
22
21
20
23
22
20
24
23
20
27
26
25
28
27
25
29
28
25
30
29
25
31
30
25
32
31
25
35
34
33
38
37
36
39
38
36
40
39
36
41
40
36
42
41
36
43
42
36
44
43
36
45
44
36
46
45
36
47
46
36
50
49
48
53
52
51
54
53
51
55
54
51
58
57
56
59
58
56
62
61
60
63
62
60
64
63
60
65
64
60
66
65
60
69
68
67
70
69
67
71
70
67
74
73
72
75
74
72
78
77
76
79
78
76
80
79
76
83
82
81
84
83
81
85
84
81
86
85
81
89
88
87
90
89
87
93
92
91
94
93
91
95
94
91
98
97
96
99
98
96
100
99
96
103
102
101
104
103
101
107
106
105
108
107
105
111
110
109
112
111
109
113
112
109
116
115
114
117
116
114
118
117
114
119
118
114
122
121
120
123
122
120
126
125
124
127
126
124
130
129
128
131
130
128
134
133
132
135
134
132
138
137
136
139
138
136
140
139
136
143
142
141
144
143
141
145
144
141
146
145
141
149
148
147
150
149
147
153
152
151
154
153
151
157
156
155
158
157
155
161
160
159
162
161
159
163
162
159
164
163
159
167
166
165
168
167
165
169
168
165
170
169
165
173
172
171
176
175
174
177
176
174
180
179
178
181
180
178
182
181
178
183
182
178
186
185
184
187
186
184
188
187
184
191
190
189
192
191
189
193
192
189
194
193
189
197
196
195
198
197
195
199
198
195
200
199
195
201
200
195
204
203
202
205
204
202
206
205
202
209
208
207
210
209
207
211
210
207
214
213
212
215
214
212
216
215
212
219
218
217
220
219
217
223
222
221
226
225
224
227
226
224
228
227
224
229
228
224
230
229
224
231
230
224
232
231
224
233
232
224
236
235
234
237
236
234
238
237
234
239
238
234
242
241
240
243
242
240
246
245
244
247
246
244
248
247
244
249
248
244
250
249
244
251
250
244
254
253
252
255
254
252
258
257
256
259
258
256
262
261
260
263
262
260
264
263
260
267
266
265
268
267
265
269
268
265
272
271
270
273
272
270
276
275
274
277
276
274
278
277
274
279
278
274
282
281
280
285
284
283
286
285
283
287
286
283
288
287
283
289
288
283
290
289
283
293
292
291
294
293
291
297
296
295
298
297
295
301
300
299
302
301
299
303
302
299
304
303
299
305
304
299
306
305
299
309
308
307
310
309
307
313
312
311
314
313
311
317
316
315
318
317
315
319
318
315
322
321
320
323
322
320
326
325
324
329
328
327
330
329
327
333
332
331
334
333
331
335
334
331
336
335
331
339
338
337
340
339
337
341
340
337
344
343
342
345
344
342
348
347
346
349
348
346
350
349
346
353
352
351
354
353
351
355
354
351
358
357
356
359
358
356
360
359
356
363
362
361
364
363
361
367
366
365
368
367
365
369
368
365
370
369
365
373
372
371
374
373
371
377
376
375
378
377
375
379
378
375
380
379
375
383
382
381
384
383
381
387
386
385
390
389
388
391
390
388
392
391
388
393
392
388
394
393
388
397
396
395
400
399
398
401
400
398
404
403
402
405
404
402
406
405
402
407
406
402
410
409
408
411
410
408
412
411
408
415
414
413
418
417
416
419
418
416
422
421
420
423
422
420
426
425
424
427
426
424
428
427
424
431
430
429
432
431
429
435
434
433
436
435
433
439
438
437
440
439
437
443
442
441
444
443
441
445
444
441
446
445
441
447
446
441
448
447
441
451
450
449
452
451
449
453
452
449
454
453
449
457
456
455
458
457
455
459
458
455
460
459
455
461
460
455
462
461
455
465
464
463
466
465
463
469
468
467
470
469
467
471
470
467
472
471
467
473
472
467
474
473
467
475
474
467
476
475
467
477
476
467
478
477
467
481
480
479
482
481
479
485
484
483
486
485
483
489
488
487
490
489
487
491
490
487
492
491
487
495
494
493
496
495
493
499
498
497
500
499
497
501
500
497
504
503
502
507
506
505
508
507
505
511
510
509
512
511
509
513
512
509
514
513
509
515
514
509
516
515
509
517
516
509
518
517
509
519
518
509
520
519
509
521
520
509
522
521
509
523
522
509
524
523
509
525
524
509
528
527
526
529
528
526
530
529
526
533
532
531
534
533
531
535
534
531
538
537
536
539
538
536
542
541
540
543
542
540
544
543
540
545
544
540
546
545
540
549
548
547
550
549
547
551
550
547
552
551
547
553
552
547
554
553
547
555
554
547
558
557
556
559
558
556
560
559
556
561
560
556
564
563
562
565
564
562
566
565
562
567
566
562
570
569
568
571
570
568
574
573
572
575
574
572
576
575
572
577
576
572
578
577
572
581
580
579
584
583
582
585
584
582
586
585
582
589
588
587
590
589
587
593
592
591
594
593
591
595
594
591
596
595
591
599
598
597
600
599
597
603
602
601
604
603
601
605
604
601
608
607
606
609
608
606
612
611
610
613
612
610
614
613
610
615
614
610
616
615
610
619
618
617
620
619
617
623
622
621
624
623
621
625
624
621
628
627
626
629
628
626
630
629
626
631
630
626
632
631
626
635
634
633
636
635
633
639
638
637
640
639
637
641
640
637
644
643
642
645
644
642
646
645
642
647
646
642
648
647
642
651
650
649
652
651
649
653
652
649
656
655
654
657
656
654
658
657
654
661
660
659
662
661
659
665
664
663
668
667
666
669
668
666
670
669
666
673
672
671
674
673
671
677
676
675
680
679
678
681
680
678
682
681
678
683
682
678
686
685
684
689
688
687
690
689
687
691
690
687
692
691
687
693
692
687
694
693
687
697
696
695
700
699
698
701
700
698
702
701
698
703
702
698
704
703
698
705
704
698
708
707
706
711
710
709
712
711
709
715
714
713
716
715
713
717
716
713
718
717
713
721
720
719
722
721
719
725
724
723
726
725
723
727
726
723
728
727
723
731
730
729
732
731
729
735
734
733
736
735
733
739
738
737
740
739
737
741
740
737
744
743
742
745
744
742
746
745
742
747
746
742
750
749
748
751
750
748
752
751
748
753
752
748
756
755
754
757
756
754
758
757
754
761
760
759
762
761
759
763
762
759
764
763
759
765
764
759
766
765
759
767
766
759
770
769
768
771
770
768
774
773
772
775
774
772
776
775
772
779
778
777
780
779
777
783
782
781
786
785
784
787
786
784
788
787
784
791
790
789
792
791
789
795
794
793
796
795
793
799
798
797
800
799
797
801
800
797
804
803
802
805
804
802
806
805
802
809
808
807
810
809
807
811
810
807
812
811
807
815
814
813
816
815
813
817
816
813
818
817
813
819
818
813
822
821
820
823
822
820
826
825
824
827
826
824
828
827
824
829
828
824
830
829
824
833
832
831
836
835
834
837
836
834
838
837
834
839
838
834
840
839
834
843
842
841
844
843
841
845
844
841
846
845
841
847
846
841
850
849
848
853
852
851
854
853
851
855
854
851
856
855
851
857
856
851
858
857
851
861
860
859
862
861
859
865
864
863
866
865
863
869
868
867
870
869
867
873
872
871
874
873
871
877
876
875
878
877
875
879
878
875
882
881
880
885
884
883
886
885
883
887
886
883
888
887
883
891
890
889
892
891
889
895
894
893
896
895
893
897
896
893
898
897
893
899
898
893
902
901
900
903
902
900
904
903
900
907
906
905
908
907
905
909
908
905
910
909
905
911
910
905
914
913
912
915
914
912
918
917
916
919
918
916
922
921
920
923
922
920
924
923
920
925
924
920
926
925
920
927
926
920
928
927
920
931
930
929
932
931
929
933
932
929
934
933
929
937
936
935
938
937
935
939
938
935
940
939
935
943
942
941
946
945
944
947
946
944
948
947
944
949
948
944
950
949
944
951
950
944
952
951
944
955
954
953
956
955
953
957
956
953
960
959
958
961
960
958
962
961
958
965
964
963
966
965
963
967
966
963
968
967
963
969
968
963
970
969
963
973
972
971
974
973
971
975
974
971
976
975
971
977
976
971
980
979
978
983
982
981
984
983
981
987
986
985
988
987
985
989
988
985
990
989
985
991
990
985
994
993
992
995
994
992
998
997
996
999
998
996
1002
1001
1000
1003
1002
1000
1006
1005
1004
1007
1006
1004
1010
1009
1008
1011
1010
1008
1014
1013
1012
1015
1014
1012
1018
1017
1016
1019
1018
1016
1022
1021
1020
1023
1022
1020
1026
1025
1024
1027
1026
1024
1028
1027
1024
1031
1030
1029
1032
1031
1029
1035
1034
1033
1036
1035
1033
1037
1036
1033
1040
1039
1038
1041
1040
1038
1044
1043
1042
1045
1044
1042
1046
1045
1042
1047
1046
1042
1050
1049
1048
1051
1050
1048
1052
1051
1048
1053
1052
1048
1054
1053
1048
1057
1056
1055
1058
1057
1055
1059
1058
1055
1062
1061
1060
1063
1062
1060
1064
1063
1060
1065
1064
1060
1068
1067
1066
1071
1070
1069
1072
1071
1069
1073
1072
1069
1074
1073
1069
1075
1074
1069
1078
1077
1076
1079
1078
1076
1082
1081
1080
1083
1082
1080
1086
1085
1084
1087
1086
1084
1090
1089
1088
1091
1090
1088
1092
1091
1088
1093
1092
1088
1094
1093
1088
1095
1094
1088
1098
1097
1096
1099
1098
1096
1100
1099
1096
1103
1102
1101
1104
1103
1101
1105
1104
1101
1108
1107
1106
1111
1110
1109
1114
1113
1112
1115
1114
1112
1116
1115
1112
1117
1116
1112
1118
1117
1112
1121
1120
1119
1122
1121
1119
1123
1122
1119
1126
1125
1124
1129
1128
1127
1130
1129
1127
1131
1130
1127
1134
1133
1132
1135
1134
1132
1136
1135
1132
1137
1136
1132
1140
1139
1138
1143
1142
1141
1144
1143
1141
1145
1144
1141
1146
1145
1141
1147
1146
1141
1150
1149
1148
1151
1150
1148
1152
1151
1148
1153
1152
1148
1154
1153
1148
1155
1154
1148
1158
1157
1156
1159
1158
1156
1162
1161
1160
1163
1162
1160
1164
1163
1160
1165
1164
1160
1168
1167
1166
1169
1168
1166
1170
1169
1166
1173
1172
1171
1176
1175
1174
1177
1176
1174
1178
1177
1174
1179
1178
1174
1182
1181
1180
1183
1182
1180
1184
1183
1180
1185
1184
1180
1186
1185
1180
1187
1186
1180
1188
1187
1180
1189
1188
1180
1190
1189
1180
1193
1192
1191
1196
1195
1194
1197
1196
1194
1200
1199
1198
1203
1202
1201
1204
1203
1201
1207
1206
1205
1208
1207
1205
1211
1210
1209
1214
1213
1212
1215
1214
1212
1216
1215
1212
1219
1218
1217
1220
1219
1217
1221
1220
1217
1222
1221
1217
1225
1224
1223
1226
1225
1223
1227
1226
1223
1228
1227
1223
1231
1230
1229
1232
1231
1229
1233
1232
1229
1234
1233
1229
1237
1236
1235
1238
1237
1235
1239
1238
1235
1242
1241
1240
1243
1242
1240
1244
1243
1240
1245
1244
1240
1246
1245
1240
1247
1246
1240
1248
1247
1240
1249
1248
1240
1250
1249
1240
1253
1252
1251
1256
1255
1254
1257
1256
1254
1260
1259
1258
1261
1260
1258
1264
1263
1262
1265
1264
1262
1268
1267
1266
1269
1268
1266
1270
1269
1266
1273
1272
1271
1274
1273
1271
1277
1276
1275
1278
1277
1275
1279
1278
1275
1280
1279
1275
1283
1282
1281
1284
1283
1281
1285
1284
1281
1288
1287
1286
1291
1290
1289
1292
1291
1289
1293
1292
1289
1296
1295
1294
1297
1296
1294
1300
1299
1298
1301
1300
1298
1302
1301
1298
1303
1302
1298
1304
1303
1298
1307
1306
1305
1308
1307
1305
1309
1308
1305
1310
1309
1305
1313
1312
1311
1314
1313
1311
1315
1314
1311
1318
1317
1316
1319
1318
1316
1320
1319
1316
1321
1320
1316
1322
1321
1316
1325
1324
1323
1326
1325
1323
1329
1328
1327
1330
1329
1327
1333
1332
1331
1334
1333
1331
1335
1334
1331
1336
1335
1331
1337
1336
1331
1338
1337
1331
1341
1340
1339
1342
1341
1339
1343
1342
1339
1346
1345
1344
1349
1348
1347
1350
1349
1347
1351
1350
1347
1352
1351
1347
1353
1352
1347
1356
1355
1354
1357
1356
1354
1358
1357
1354
1359
1358
1354
1362
1361
1360
1363
1362
1360
1364
1363
1360
1367
1366
1365
1368
1367
1365
1369
1368
1365
1372
1371
1370
1373
1372
1370
1374
1373
1370
1377
1376
1375
1378
1377
1375
1379
1378
1375
1382
1381
1380
1383
1382
1380
1384
1383
1380
1385
1384
1380
1386
1385
1380
1389
1388
1387
1390
1389
1387
1391
1390
1387
1394
1393
1392
1395
1394
1392
1398
1397
1396
1399
1398
1396
1400
1399
1396
1401
1400
1396
1404
1403
1402
1405
1404
1402
1408
1407
1406
1409
1408
1406
1410
1409
1406
1413
1412
1411
1414
1413
1411
1417
1416
1415
1418
1417
1415
1419
1418
1415
1420
1419
1415
1421
1420
1415
1422
1421
1415
1425
1424
1423
1426
1425
1423
1427
1426
1423
1430
1429
1428
1431
1430
1428
1434
1433
1432
1435
1434
1432
1436
1435
1432
1437
1436
1432
1438
1437
1432
1439
1438
1432
1442
1441
1440
1443
1442
1440
1444
1443
1440
1445
1444
1440
1448
1447
1446
1449
1448
1446
1450
1449
1446
1451
1450
1446
1452
1451
1446
1455
1454
1453
1456
1455
1453
1457
1456
1453
1460
1459
1458
1461
1460
1458
1464
1463
1462
1465
1464
1462
1466
1465
1462
1467
1466
1462
1470
1469
1468
1471
1470
1468
1472
1471
1468
1473
1472
1468
1476
1475
1474
1477
1476
1474
1478
1477
1474
1481
1480
1479
1482
1481
1479
1483
1482
1479
1484
1483
1479
1485
1484
1479
1488
1487
1486
1491
1490
1489
1492
1491
1489
1493
1492
1489
1496
1495
1494
1497
1496
1494
1500
1499
1498
1501
1500
1498
1502
1501
1498
1505
1504
1503
1506
1505
1503
1507
1506
1503
1510
1509
1508
1511
1510
1508
1514
1513
1512
1515
1514
1512
1516
1515
1512
1519
1518
1517
1520
1519
1517
1521
1520
1517
1522
1521
1517
1525
1524
1523
1528
1527
1526
1531
1530
1529
1532
1531
1529
1533
1532
1529
1534
1533
1529
1535
1534
1529
1538
1537
1536
1539
1538
1536
1542
1541
1540
1543
1542
1540
1546
1545
1544
1549
1548
1547
1550
1549
1547
1553
1552
1551
1554
1553
1551
1557
1556
1555
1558
1557
1555
1561
1560
1559
1564
1563
1562
1565
1564
1562
1566
1565
1562
1569
1568
1567
1570
1569
1567
1573
1572
1571
1574
1573
1571
1577
1576
1575
1578
1577
1575
1579
1578
1575
1582
1581
1580
1585
1584
1583
1586
1585
1583
1589
1588
1587
1592
1591
1590
1593
1592
1590
1594
1593
1590
1597
1596
1595
1600
1599
1598
1603
1602
1601
1604
1603
1601
1605
1604
1601
1606
1605
1601
1609
1608
1607
1612
1611
1610
1613
1612
1610
1614
1613
1610
1615
1614
1610
1618
1617
1616
1619
1618
1616
1620
1619
1616
1623
1622
1621
1624
1623
1621
1625
1624
1621
1628
1627
1626
1631
1630
1629
1632
1631
1629
1633
1632
1629
1636
1635
1634
1637
1636
1634
1638
1637
1634
1639
1638
1634
1640
1639
1634
1641
1640
1634
1644
1643
1642
1645
1644
1642
1648
1647
1646
1649
1648
1646
1652
1651
1650
1653
1652
1650
1656
1655
1654
1657
1656
1654
1658
1657
1654
1659
1658
1654
1660
1659
1654
1663
1662
1661
1664
1663
1661
1665
1664
1661
1668
1667
1666
1669
1668
1666
1672
1671
1670
1673
1672
1670
1676
1675
1674
1677
1676
1674
1680
1679
1678
1681
1680
1678
1682
1681
1678
1685
1684
1683
1686
1685
1683
1687
1686
1683
1690
1689
1688
1691
1690
1688
1692
1691
1688
1695
1694
1693
1696
1695
1693
1697
1696
1693
1700
1699
1698
1701
1700
1698
1704
1703
1702
1705
1704
1702
1708
1707
1706
1709
1708
1706
1712
1711
1710
1713
1712
1710
1716
1715
1714
1717
1716
1714
1720
1719
1718
1721
1720
1718
1724
1723
1722
1725
1724
1722
1726
1725
1722
1727
1726
1722
1730
1729
1728
1733
1732
1731
1734
1733
1731
1735
1734
1731
1736
1735
1731
1737
1736
1731
1738
1737
1731
1741
1740
1739
1744
1743
1742
1745
1744
1742
1746
1745
1742
1747
1746
1742
1750
1749
1748
1753
1752
1751
1754
1753
1751
1755
1754
1751
1756
1755
1751
1759
1758
1757
1762
1761
1760
1765
1764
1763
1766
1765
1763
1769
1768
1767
1770
1769
1767
1773
1772
1771
1774
1773
1771
1777
1776
1775
1778
1777
1775
1781
1780
1779
1782
1781
1779
1785
1784
1783
1786
1785
1783
1789
1788
1787
1790
1789
1787
1791
1790
1787
1792
1791
1787
1795
1794
1793
1796
1795
1793
1799
1798
1797
1800
1799
1797
1803
1802
1801
1804
1803
1801
1805
1804
1801
1806
1805
1801
1807
1806
1801
1808
1807
1801
1811
1810
1809
1814
1813
1812
1815
1814
1812
1816
1815
1812
1817
1816
1812
1818
1817
1812
1821
1820
1819
1822
1821
1819
1825
1824
1823
1828
1827
1826
1831
1830
1829
1832
1831
1829
1835
1834
1833
1836
1835
1833
1837
1836
1833
1840
1839
1838
1841
1840
1838
1844
1843
1842
1847
1846
1845
1848
1847
1845
1851
1850
1849
1852
1851
1849
1
3
0
3
2
0
0
1
2
0
2
3
4
5
6
4
6
7
8
9
10
8
10
11
8
11
12
1
3
0
3
2
0
0
1
2
0
2
3
1
3
0
3
2
0
2
1
0
3
2
0
4
3
0
7
6
5
8
7
5
9
8
5
12
11
10
13
12
10
14
13
10
17
16
15
18
17
15
21
20
19
22
21
19
25
24
23
26
25
23
29
28
27
30
29
27
31
30
27
34
33
32
35
34
32
38
37
36
39
38
36
1
3
0
3
2
0
0
1
2
0
2
3
0
3
4
0
4
5
1
3
0
3
2
0
0
1
2
3
4
5
3
5
6
3
6
7
3
7
8
9
10
11
1
3
0
3
2
0
2
1
0
3
2
0
1
3
0
3
2
0
0
1
2
0
2
3
1
3
0
3
2
0
0
1
2
0
2
3
4
5
6
4
6
7
1
3
0
3
2
0
2
1
0
3
2
0
4
3
0
1
3
0
3
2
0
2
1
0
3
2
0
6
5
4
7
6
4
10
9
8
11
10
8
14
13
12
15
14
12
16
15
12
1
3
0
3
2
0
0
1
2
0
2
3
4
5
6
4
6
7
8
9
10
8
10
11
12
13
14
12
14
15
1
3
0
3
2
0
0
1
2
0
2
3
1
3
0
3
2
0
0
1
2
0
2
3
1
3
0
3
2
0
2
1
0
3
2
0
1
3
0
3
2
0
2
1
0
3
2
0
6
5
4
7
6
4
10
9
8
11
10
8
14
13
12
15
14
12
1
3
0
3
2
0
2
1
0
3
2
0
6
5
4
7
6
4
10
9
8
11
10
8
14
13
12
15
14
12
18
17
16
19
18
16
22
21
20
23
22
20
24
23
20
25
24
20
28
27
26
29
28
26
30
29
26
31
30
26
32
31
26
35
34
33
36
35
33
37
36
33
38
37
33
41
40
39
42
41
39
43
42
39
46
45
44
47
46
44
48
47
44
49
48
44
50
49
44
53
52
51
54
53
51
57
56
55
58
57
55
61
60
59
62
61
59
65
64
63
66
65
63
67
66
63
68
67
63
71
70
69
74
73
72
75
74
72
78
77
76
79
78
76
80
79
76
83
82
81
84
83
81
87
86
85
88
87
85
89
88
85
92
91
90
93
92
90
94
93
90
97
96
95
100
99
98
101
100
98
102
101
98
103
102
98
104
103
98
107
106
105
108
107
105
109
108
105
110
109
105
111
110
105
114
113
112
115
114
112
118
117
116
119
118
116
120
119
116
121
120
116
124
123
122
127
126
125
128
127
125
129
128
125
130
129
125
133
132
131
134
133
131
137
136
135
138
137
135
139
138
135
140
139
135
141
140
135
142
141
135
145
144
143
146
145
143
147
146
143
148
147
143
151
150
149
152
151
149
155
154
153
156
155
153
157
156
153
160
159
158
161
160
158
162
161
158
165
164
163
166
165
163
169
168
167
170
169
167
173
172
171
174
173
171
175
174
171
176
175
171
177
176
171
180
179
178
183
182
181
184
183
181
185
184
181
186
185
181
189
188
187
190
189
187
193
192
191
194
193
191
197
196
195
198
197
195
199
198
195
200
199
195
203
202
201
204
203
201
205
204
201
206
205
201
209
208
207
212
211
210
213
212
210
214
213
210
217
216
215
218
217
215
221
220
219
222
221
219
223
222
219
224
223
219
225
224
219
226
225
219
229
228
227
230
229
227
231
230
227
232
231
227
235
234
233
236
235
233
239
238
237
240
239
237
243
242
241
246
245
244
247
246
244
250
249
248
251
250
248
254
253
252
255
254
252
256
255
252
257
256
252
260
259
258
261
260
258
262
261
258
265
264
263
268
267
266
269
268
266
270
269
266
273
272
271
274
273
271
275
274
271
278
277
276
281
280
279
282
281
279
283
282
279
286
285
284
287
286
284
288
287
284
289
288
284
292
291
290
293
292
290
294
293
290
295
294
290
296
295
290
299
298
297
300
299
297
301
300
297
302
301
297
303
302
297
304
303
297
305
304
297
306
305
297
307
306
297
310
309
308
311
310
308
312
311
308
315
314
313
316
315
313
319
318
317
320
319
317
321
320
317
322
321
317
323
322
317
324
323
317
327
326
325
328
327
325
329
328
325
332
331
330
333
332
330
336
335
334
337
336
334
338
337
334
339
338
334
340
339
334
341
340
334
342
341
334
343
342
334
346
345
344
349
348
347
350
349
347
351
350
347
352
351
347
355
354
353
356
355
353
359
358
357
360
359
357
361
360
357
364
363
362
365
364
362
366
365
362
369
368
367
372
371
370
373
372
370
374
373
370
375
374
370
376
375
370
377
376
370
380
379
378
383
382
381
384
383
381
387
386
385
388
387
385
389
388
385
392
391
390
395
394
393
396
395
393
397
396
393
400
399
398
401
400
398
404
403
402
405
404
402
406
405
402
407
406
402
408
407
402
409
408
402
410
409
402
413
412
411
414
413
411
415
414
411
418
417
416
419
418
416
422
421
420
423
422
420
426
425
424
427
426
424
428
427
424
431
430
429
432
431
429
433
432
429
434
433
429
437
436
435
438
437
435
439
438
435
442
441
440
443
442
440
444
443
440
447
446
445
448
447
445
449
448
445
452
451
450
453
452
450
454
453
450
457
456
455
458
457
455
461
460
459
464
463
462
465
464
462
466
465
462
469
468
467
470
469
467
473
472
471
474
473
471
477
476
475
478
477
475
481
480
479
482
481
479
483
482
479
486
485
484
487
486
484
490
489
488
491
490
488
494
493
492
497
496
495
500
499
498
503
502
501
506
505
504
507
506
504
508
507
504
509
508
504
510
509
504
511
510
504
512
511
504
513
512
504
516
515
514
517
516
514
518
517
514
521
520
519
522
521
519
525
524
523
526
525
523
529
528
527
530
529
527
531
530
527
534
533
532
537
536
535
538
537
535
539
538
535
542
541
540
543
542
540
546
545
544
547
546
544
550
549
548
551
550
548
554
553
552
555
554
552
556
555
552
559
558
557
560
559
557
561
560
557
564
563
562
565
564
562
568
567
566
569
568
566
570
569
566
573
572
571
574
573
571
575
574
571
576
575
571
579
578
577
580
579
577
581
580
577
582
581
577
583
582
577
584
583
577
587
586
585
590
589
588
591
590
588
594
593
592
597
596
595
598
597
595
599
598
595
600
599
595
601
600
595
602
601
595
605
604
603
608
607
606
611
610
609
612
611
609
613
612
609
616
615
614
617
616
614
618
617
614
619
618
614
622
621
620
623
622
620
624
623
620
627
626
625
630
629
628
631
630
628
632
631
628
635
634
633
636
635
633
639
638
637
640
639
637
643
642
641
644
643
641
645
644
641
646
645
641
647
646
641
648
647
641
649
648
641
652
651
650
653
652
650
654
653
650
655
654
650
658
657
656
659
658
656
660
659
656
663
662
661
664
663
661
665
664
661
666
665
661
667
666
661
668
667
661
671
670
669
672
671
669
675
674
673
676
675
673
677
676
673
678
677
673
679
678
673
682
681
680
683
682
680
686
685
684
687
686
684
688
687
684
691
690
689
694
693
692
695
694
692
696
695
692
699
698
697
700
699
697
703
702
701
704
703
701
707
706
705
708
707
705
711
710
709
712
711
709
713
712
709
716
715
714
1
3
0
3
2
0
0
1
2
0
2
3
4
5
6
4
6
7
1
3
0
3
2
0
0
1
2
0
2
3
1
3
0
3
2
0
0
1
2
0
2
3
1
3
0
3
2
0
0
1
2
0
2
3
4
5
6
4
6
7
4
7
8
1
3
0
3
2
0
0
1
2
0
2
3
1
3
0
3
2
0
0
1
2
0
2
3
1
3
0
3
2
0
2
1
0
3
2
0
6
5
4
7
6
4
8
7
4
1
3
0
3
2
0
0
1
2
0
2
3
4
5
6
4
6
7
4
7
8
1
3
0
3
2
0
0
1
2
0
2
3
0
3
4
1
3
0
3
2
0
0
1
2
0
2
3
1
3
0
3
2
0
2
1
0
3
2
0
6
5
4
7
6
4
1
3
0
3
2
0
0
1
2
0
2
3
1
3
0
3
2
0
0
1
2
0
2
3
1
3
0
3
2
0
0
1
2
0
2
3
0
3
4
1
3
0
3
2
0
0
1
2
0
2
3
0
3
4
1
3
0
3
2
0
0
1
2
0
2
3
4
5
6
4
6
7
8
9
10
8
10
11
12
13
14
12
14
15
1
3
0
3
2
0
0
1
2
0
2
3
4
5
6
4
6
7
1
3
0
3
2
0
2
1
0
3
2
0
1
3
0
3
2
0
2
1
0
3
2
0
4
3
0
7
6
5
8
7
5
11
10
9
12
11
9
13
12
9
14
13
9
1
3
0
3
2
0
0
1
2
0
2
3
0
3
4
1
3
0
3
2
0
2
1
0
3
2
0
1
3
0
3
2
0
2
1
0
3
2
0
1
3
0
3
2
0
0
1
2
0
2
3
4
5
6
4
6
7
4
7
8
9
10
11
9
11
12
9
12
13
1
3
0
3
2
0
0
1
2
0
2
3
4
5
6
4
6
7
4
7
8
1
3
0
3
2
0
2
1
0
5
4
3
6
5
3
7
6
3
10
9
8
11
10
8
1
3
0
3
2
0
2
1
0
3
2
0
6
5
4
7
6
4
8
7
4
9
8
4
10
9
4
11
10
4
12
11
4
15
14
13
1
3
0
3
2
0
2
1
0
3
2
0
1
3
0
3
2
0
0
1
2
0
2
3
4
5
6
4
6
7
4
7
8
4
8
9
4
9
10
1
3
0
3
2
0
0
1
2
0
2
3
1
3
0
3
2
0
0
1
2
0
2
3
1
3
0
3
2
0
0
1
2
0
2
3
0
3
4
0
4
5
1
3
0
3
2
0
0
1
2
0
2
3
1
3
0
3
2
0
0
1
2
0
2
3
1
3
0
3
2
0
2
1
0
3
2
0
6
5
4
7
6
4
1
3
0
3
2
0
0
1
2
0
2
3
0
3
4
0
4
5
0
5
6
0
6
7
0
7
8
9
10
11
9
11
12
9
12
13
14
15
16
14
16
17
14
17
18
19
20
21
19
21
22
19
22
23
24
25
26
24
26
27
28
29
30
28
30
31
28
31
32
28
32
33
34
35
36
34
36
37
34
37
38
39
40
41
39
41
42
39
42
43
44
45
46
44
46
47
44
47
48
49
50
51
52
53
54
52
54
55
52
55
56
57
58
59
57
59
60
57
60
61
62
63
64
62
64
65
62
65
66
62
66
67
62
67
68
69
70
71
69
71
72
69
72
73
69
73
74
75
76
77
75
77
78
75
78
79
80
81
82
80
82
83
84
85
86
84
86
87
88
89
90
88
90
91
88
91
92
88
92
93
88
93
94
88
94
95
88
95
96
97
98
99
97
99
100
97
100
101
97
101
102
103
104
105
106
107
108
106
108
109
106
109
110
106
110
111
106
111
112
106
112
113
114
115
116
114
116
117
118
119
120
118
120
121
122
123
124
122
124
125
122
125
126
122
126
127
122
127
128
122
128
129
122
129
130
131
132
133
134
135
136
134
136
137
134
137
138
134
138
139
134
139
140
141
142
143
141
143
144
141
144
145
146
147
148
149
150
151
149
151
152
149
152
153
149
153
154
155
156
157
155
157
158
159
160
161
159
161
162
159
162
163
164
165
166
164
166
167
164
167
168
164
168
169
164
169
170
164
170
171
172
173
174
172
174
175
176
177
178
179
180
181
179
181
182
179
182
183
179
183
184
185
186
187
188
189
190
188
190
191
188
191
192
193
194
195
193
195
196
193
196
197
193
197
198
199
200
201
199
201
202
203
204
205
203
205
206
207
208
209
207
209
210
207
210
211
207
211
212
213
214
215
216
217
218
216
218
219
220
221
222
220
222
223
220
223
224
225
226
227
228
229
230
228
230
231
228
231
232
233
234
235
233
235
236
237
238
239
237
239
240
241
242
243
241
243
244
241
244
245
241
245
246
247
248
249
247
249
250
247
250
251
247
251
252
247
252
253
254
255
256
1
3
0
3
2
0
2
1
0
3
2
0
4
3
0
5
4
0
1
3
0
3
2
0
0
1
2
0
2
3
1
3
0
3
2
0
2
1
0
3
2
0
4
3
0
7
6
5
8
7
5
11
10
9
12
11
9
15
14
13
16
15
13
1
3
0
3
2
0
0
1
2
0
2
3
4
5
6
4
6
7
8
9
10
8
10
11
1
3
0
3
2
0
2
1
0
3
2
0
6
5
4
7
6
4
10
9
8
11
10
8
14
13
12
15
14
12
18
17
16
19
18
16
22
21
20
23
22
20
26
25
24
27
26
24
28
27
24
31
30
29
32
31
29
1
3
0
3
2
0
2
1
0
3
2
0
6
5
4
7
6
4
8
7
4
11
10
9
12
11
9
13
12
9
16
15
14
17
16
14
20
19
18
21
20
18
24
23
22
25
24
22
26
25
22
29
28
27
30
29
27
33
32
31
34
33
31
35
34
31
38
37
36
39
38
36
40
39
36
41
40
36
44
43
42
45
44
42
46
45
42
47
46
42
50
49
48
51
50
48
52
51
48
55
54
53
56
55
53
59
58
57
60
59
57
61
60
57
64
63
62
65
64
62
68
67
66
69
68
66
70
69
66
73
72
71
74
73
71
75
74
71
1
3
0
3
2
0
0
1
2
0
2
3
1
3
0
3
2
0
2
1
0
3
2
0
4
3
0
7
6
5
8
7
5
9
8
5
1
3
0
3
2
0
2
1
0
3
2
0
1
3
0
3
2
0
0
1
2
0
2
3
1
3
0
3
2
0
2
1
0
3
2
0
4
3
0
5
4
0
8
7
6
9
8
6
10
9
6
1
3
0
3
2
0
0
1
2
0
2
3
0
3
4
0
4
5
0
5
6
0
6
7
8
9
10
8
10
11
8
11
12
13
14
15
13
15
16
17
18
19
17
19
20
17
20
21
17
21
22
23
24
25
1
3
0
3
2
0
0
1
2
0
2
3
0
3
4
1
3
0
3
2
0
2
1
0
3
2
0
4
3
0
5
4
0
8
7
6
9
8
6
10
9
6
11
10
6
12
11
6
13
12
6
14
13
6
15
14
6
16
15
6
1
3
0
3
2
0
0
1
2
1
3
0
3
2
0
2
1
0
3
2
0
1
3
0
3
2
0
2
1
0
3
2
0
4
3
0
5
4
0
6
5
0
7
6
0
8
7
0
1
3
0
3
2
0
0
1
2
0
2
3
0
3
4
1
3
0
3
2
0
0
1
2
0
2
3
1
3
0
3
2
0
0
1
2
0
2
3
0
3
4
0
4
5
1
3
0
3
2
0
0
1
2
0
2
3
1
3
0
3
2
0
2
1
0
3
2
0
4
3
0
5
4
0
8
7
6
9
8
6
12
11
10
13
12
10
16
15
14
17
16
14
1
3
0
3
2
0
2
1
0
3
2
0
4
3
0
5
4
0
6
5
0
9
8
7
10
9
7
13
12
11
14
13
11
15
14
11
18
17
16
19
18
16
20
19
16
23
22
21
1
3
0
3
2
0
0
1
2
0
2
3
1
3
0
3
2
0
2
1
0
3
2
0
6
5
4
7
6
4
8
7
4
11
10
9
12
11
9
15
14
13
16
15
13
19
18
17
20
19
17
23
22
21
24
23
21
25
24
21
28
27
26
29
28
26
32
31
30
33
32
30
36
35
34
37
36
34
40
39
38
41
40
38
44
43
42
45
44
42
46
45
42
49
48
47
50
49
47
51
50
47
52
51
47
55
54
53
56
55
53
1
3
0
3
2
0
0
1
2
0
2
3
1
3
0
3
2
0
0
1
2
0
2
3
1
3
0
3
2
0
0
1
2
0
2
3
1
3
0
3
2
0
2
1
0
3
2
0
1
3
0
3
2
0
0
1
2
0
2
3
0
3
4
1
3
0
3
2
0
0
1
2
0
2
3
0
3
4
1
3
0
3
2
0
2
1
0
5
4
3
6
5
3
1
3
0
3
2
0
0
1
2
0
2
3
0
3
4
5
6
7
5
7
8
9
10
11
9
11
12
13
14
15
13
15
16
1
3
0
3
2
0
0
1
2
0
2
3
1
3
0
3
2
0
0
1
2
0
2
3
0
3
4
0
4
5
0
5
6
7
8
9
7
9
10
7
10
11
7
11
12
13
14
15
16
17
18
16
18
19
16
19
20
16
20
21
16
21
22
23
24
25
26
27
28
1
3
0
3
2
0
0
1
2
0
2
3
1
3
0
3
2
0
2
1
0
3
2
0
6
5
4
7
6
4
10
9
8
11
10
8
1
3
0
3
2
0
0
1
2
0
2
3
1
3
0
3
2
0
2
1
0
3
2
0
1
3
0
3
2
0
2
1
0
3
2
0
1
3
0
3
2
0
2
1
0
3
2
0
1
3
0
3
2
0
2
1
0
3
2
0
4
3
0
7
6
5
8
7
5
11
10
9
12
11
9
13
12
9
16
15
14
17
16
14
20
19
18
21
20
18
22
21
18
25
24
23
26
25
23
27
26
23
30
29
28
31
30
28
32
31
28
1
3
0
3
2
0
2
1
0
3
2
0
4
3
0
1
3
0
3
2
0
2
1
0
3
2
0
4
3
0
7
6
5
8
7
5
11
10
9
12
11
9
15
14
13
16
15
13
19
18
17
20
19
17
21
20
17
24
23
22
1
3
0
3
2
0
0
1
2
0
2
3
4
5
6
4
6
7
1
3
0
3
2
0
0
1
2
0
2
3
0
3
4
1
3
0
3
2
0
0
1
2
0
2
3
0
3
4
0
4
5
6
7
8
6
8
9
10
11
12
10
12
13
14
15
16
14
16
17
14
17
18
19
20
21
19
21
22
19
22
23
24
25
26
24
26
27
1
3
0
3
2
0
0
1
2
0
2
3
4
5
6
4
6
7
1
3
0
3
2
0
0
1
2
0
2
3
0
3
4
1
3
0
3
2
0
2
1
0
3
2
0
1
3
0
3
2
0
0
1
2
0
2
3
1
3
0
3
2
0
0
1
2
0
2
3
4
5
6
4
6
7
8
9
10
8
10
11
1
3
0
3
2
0
2
1
0
1
3
0
3
2
0
0
1
2
0
2
3
1
3
0
3
2
0
2
1
0
3
2
0
6
5
4
7
6
4
1
3
0
3
2
0
0
1
2
0
2
3
0
3
4
5
6
7
5
7
8
9
10
11
9
11
12
1
3
0
3
2
0
0
1
2
0
2
3
0
3
4
5
6
7
5
7
8
5
8
9
5
9
10
5
10
11
12
13
14
12
14
15
12
15
16
17
18
19
17
19
20
1
3
0
3
2
0
0
1
2
0
2
3
0
3
4
0
4
5
6
7
8
6
8
9
6
9
10
1
3
0
3
2
0
0
1
2
0
2
3
4
5
6
4
6
7
8
9
10
8
10
11
12
13
14
12
14
15
1
3
0
3
2
0
0
1
2
0
2
3
1
3
0
3
2
0
2
1
0
3
2
0
6
5
4
7
6
4
10
9
8
11
10
8
12
11
8
13
12
8
1
3
0
3
2
0
0
1
2
0
2
3
4
5
6
4
6
7
4
7
8
1
3
0
3
2
0
2
1
0
3
2
0
6
5
4
7
6
4
1
3
0
3
2
0
2
1
0
3
2
0
6
5
4
7
6
4
1
3
0
3
2
0
0
1
2
0
2
3
4
5
6
4
6
7
8
9
10
8
10
11
1
3
0
3
2
0
0
1
2
0
2
3
0
3
4
5
6
7
5
7
8
1
3
0
3
2
0
0
1
2
0
2
3
0
3
4
1
3
0
3
2
0
2
1
0
3
2
0
6
5
4
7
6
4
8
7
4
1
3
0
3
2
0
0
1
2
0
2
3
4
5
6
4
6
7
8
9
10
8
10
11
8
11
12
1
3
0
3
2
0
0
1
2
1
3
0
3
2
0
0
1
2
0
2
3
4
5
6
4
6
7
4
7
8
1
3
0
3
2
0
0
1
2
0
2
3
0
3
4
1
3
0
3
2
0
2
1
0
3
2
0
6
5
4
7
6
4
10
9
8
11
10
8
14
13
12
15
14
12
18
17
16
19
18
16
22
21
20
23
22
20
26
25
24
27
26
24
28
27
24
29
28
24
32
31
30
33
32
30
36
35
34
37
36
34
38
37
34
41
40
39
42
41
39
43
42
39
46
45
44
47
46
44
48
47
44
51
50
49
52
51
49
53
52
49
54
53
49
57
56
55
58
57
55
61
60
59
62
61
59
1
3
0
3
2
0
2
1
0
3
2
0
1
3
0
3
2
0
2
1
0
3
2
0
4
3
0
1
3
0
3
2
0
0
1
2
0
2
3
1
3
0
3
2
0
2
1
0
3
2
0
1
3
0
3
2
0
2
1
0
3
2
0
6
5
4
7
6
4
1
3
0
3
2
0
0
1
2
0
2
3
1
3
0
3
2
0
0
1
2
0
2
3
1
3
0
3
2
0
2
1
0
3
2
0
1
3
0
3
2
0
2
1
0
3
2
0
1
3
0
3
2
0
0
1
2
0
2
3
1
3
0
3
2
0
2
1
0
3
2
0
4
3
0
7
6
5
8
7
5
1
3
0
3
2
0
0
1
2
0
2
3
1
3
0
3
2
0
2
1
0
3
2
0
6
5
4
7
6
4
1
3
0
3
2
0
0
1
2
0
2
3
0
3
4
1
3
0
3
2
0
0
1
2
0
2
3
1
3
0
3
2
0
0
1
2
0
2
3
0
3
4
1
3
0
3
2
0
2
1
0
3
2
0
6
5
4
7
6
4
8
7
4
11
10
9
12
11
9
1
3
0
3
2
0
2
1
0
3
2
0
6
5
4
7
6
4
10
9
8
11
10
8
14
13
12
15
14
12
18
17
16
19
18
16
22
21
20
23
22
20
26
25
24
27
26
24
30
29
28
31
30
28
34
33
32
35
34
32
38
37
36
39
38
36
42
41
40
43
42
40
44
43
40
47
46
45
48
47
45
51
50
49
52
51
49
1
3
0
3
2
0
2
1
0
3
2
0
6
5
4
7
6
4
8
7
4
11
10
9
14
13
12
15
14
12
16
15
12
19
18
17
20
19
17
21
20
17
24
23
22
25
24
22
28
27
26
29
28
26
32
31
30
33
32
30
36
35
34
37
36
34
38
37
34
41
40
39
42
41
39
45
44
43
46
45
43
47
46
43
48
47
43
51
50
49
52
51
49
53
52
49
56
55
54
57
56
54
60
59
58
61
60
58
64
63
62
65
64
62
66
65
62
67
66
62
68
67
62
69
68
62
70
69
62
71
70
62
72
71
62
75
74
73
76
75
73
77
76
73
80
79
78
81
80
78
1
3
0
3
2
0
0
1
2
0
2
3
4
5
6
4
6
7
1
3
0
3
2
0
0
1
2
0
2
3
4
5
6
4
6
7
8
9
10
8
10
11
8
11
12
8
12
13
14
15
16
14
16
17
14
17
18
1
3
0
3
2
0
0
1
2
0
2
3
4
5
6
4
6
7
4
7
8
9
10
11
12
13
14
12
14
15
16
17
18
16
18
19
20
21
22
20
22
23
24
25
26
24
26
27
24
27
28
29
30
31
32
33
34
32
34
35
36
37
38
36
38
39
40
41
42
40
42
43
44
45
46
44
46
47
44
47
48
49
50
51
49
51
52
53
54
55
56
57
58
56
58
59
56
59
60
61
62
63
64
65
66
64
66
67
68
69
70
68
70
71
68
71
72
68
72
73
74
75
76
77
78
79
77
79
80
81
82
83
81
83
84
81
84
85
86
87
88
1
3
0
3
2
0
2
1
0
3
2
0
4
3
0
5
4
0
6
5
0
1
3
0
3
2
0
0
1
2
0
2
3
4
5
6
4
6
7
4
7
8
9
10
11
9
11
12
9
12
13
1
3
0
3
2
0
2
1
0
3
2
0
6
5
4
7
6
4
8
7
4
9
8
4
12
11
10
13
12
10
14
13
10
15
14
10
18
17
16
21
20
19
22
21
19
25
24
23
26
25
23
27
26
23
30
29
28
31
30
28
34
33
32
35
34
32
36
35
32
37
36
32
38
37
32
39
38
32
42
41
40
1
3
0
3
2
0
0
1
2
3
4
5
3
5
6
3
6
7
1
3
0
3
2
0
2
1
0
3
2
0
6
5
4
7
6
4
10
9
8
11
10
8
14
13
12
15
14
12
16
15
12
19
18
17
20
19
17
23
22
21
24
23
21
27
26
25
28
27
25
1
3
0
3
2
0
2
1
0
3
2
0
1
3
0
3
2
0
2
1
0
3
2
0
4
3
0
7
6
5
8
7
5
9
8
5
1
3
0
3
2
0
0
1
2
0
2
3
0
3
4
5
6
7
5
7
8
1
3
0
3
2
0
2
1
0
5
4
3
6
5
3
7
6
3
10
9
8
11
10
8
12
11
8
13
12
8
16
15
14
17
16
14
20
19
18
21
20
18
22
21
18
25
24
23
26
25
23
29
28
27
30
29
27
33
32
31
34
33
31
35
34
31
38
37
36
39
38
36
40
39
36
41
40
36
42
41
36
43
42
36
46
45
44
47
46
44
48
47
44
49
48
44
50
49
44
53
52
51
54
53
51
55
54
51
56
55
51
57
56
51
58
57
51
59
58
51
60
59
51
63
62
61
64
63
61
67
66
65
70
69
68
71
70
68
72
71
68
73
72
68
74
73
68
75
74
68
76
75
68
79
78
77
80
79
77
81
80
77
82
81
77
83
82
77
84
83
77
85
84
77
86
85
77
87
86
77
88
87
77
91
90
89
92
91
89
95
94
93
96
95
93
97
96
93
100
99
98
103
102
101
104
103
101
105
104
101
106
105
101
107
106
101
108
107
101
109
108
101
112
111
110
113
112
110
114
113
110
115
114
110
118
117
116
119
118
116
122
121
120
123
122
120
126
125
124
127
126
124
128
127
124
129
128
124
130
129
124
133
132
131
134
133
131
135
134
131
136
135
131
137
136
131
140
139
138
141
140
138
142
141
138
145
144
143
146
145
143
147
146
143
148
147
143
149
148
143
152
151
150
155
154
153
156
155
153
157
156
153
160
159
158
161
160
158
162
161
158
165
164
163
166
165
163
167
166
163
168
167
163
171
170
169
172
171
169
175
174
173
178
177
176
179
178
176
180
179
176
181
180
176
184
183
182
185
184
182
186
185
182
189
188
187
190
189
187
193
192
191
194
193
191
197
196
195
198
197
195
199
198
195
202
201
200
203
202
200
206
205
204
207
206
204
208
207
204
209
208
204
210
209
204
213
212
211
214
213
211
217
216
215
218
217
215
219
218
215
222
221
220
223
222
220
224
223
220
225
224
220
226
225
220
227
226
220
230
229
228
231
230
228
232
231
228
233
232
228
236
235
234
237
236
234
240
239
238
243
242
241
244
243
241
245
244
241
248
247
246
249
248
246
250
249
246
251
250
246
252
251
246
255
254
253
256
255
253
259
258
257
260
259
257
261
260
257
264
263
262
265
264
262
268
267
266
269
268
266
272
271
270
273
272
270
274
273
270
275
274
270
278
277
276
279
278
276
282
281
280
283
282
280
284
283
280
285
284
280
286
285
280
287
286
280
288
287
280
289
288
280
290
289
280
291
290
280
294
293
292
295
294
292
298
297
296
299
298
296
302
301
300
303
302
300
304
303
300
305
304
300
308
307
306
309
308
306
310
309
306
311
310
306
314
313
312
315
314
312
316
315
312
317
316
312
318
317
312
319
318
312
320
319
312
323
322
321
324
323
321
325
324
321
328
327
326
329
328
326
330
329
326
333
332
331
336
335
334
337
336
334
340
339
338
341
340
338
342
341
338
343
342
338
346
345
344
349
348
347
350
349
347
351
350
347
354
353
352
355
354
352
356
355
352
357
356
352
360
359
358
361
360
358
362
361
358
363
362
358
364
363
358
365
364
358
366
365
358
369
368
367
372
371
370
373
372
370
374
373
370
377
376
375
378
377
375
381
380
379
382
381
379
385
384
383
386
385
383
387
386
383
390
389
388
391
390
388
394
393
392
395
394
392
398
397
396
399
398
396
400
399
396
403
402
401
406
405
404
407
406
404
408
407
404
411
410
409
412
411
409
415
414
413
416
415
413
417
416
413
420
419
418
421
420
418
422
421
418
425
424
423
426
425
423
427
426
423
428
427
423
429
428
423
430
429
423
431
430
423
432
431
423
433
432
423
434
433
423
435
434
423
438
437
436
439
438
436
440
439
436
443
442
441
444
443
441
445
444
441
446
445
441
447
446
441
448
447
441
449
448
441
452
451
450
453
452
450
454
453
450
457
456
455
460
459
458
461
460
458
464
463
462
465
464
462
466
465
462
467
466
462
468
467
462
469
468
462
472
471
470
473
472
470
476
475
474
477
476
474
478
477
474
481
480
479
482
481
479
485
484
483
486
485
483
489
488
487
492
491
490
493
492
490
494
493
490
495
494
490
498
497
496
499
498
496
502
501
500
503
502
500
504
503
500
507
506
505
508
507
505
509
508
505
510
509
505
513
512
511
516
515
514
517
516
514
520
519
518
521
520
518
524
523
522
525
524
522
526
525
522
527
526
522
528
527
522
531
530
529
532
531
529
533
532
529
536
535
534
537
536
534
540
539
538
541
540
538
542
541
538
543
542
538
544
543
538
545
544
538
546
545
538
549
548
547
550
549
547
551
550
547
554
553
552
555
554
552
556
555
552
559
558
557
560
559
557
561
560
557
562
561
557
563
562
557
566
565
564
567
566
564
570
569
568
571
570
568
574
573
572
575
574
572
578
577
576
579
578
576
582
581
580
585
584
583
586
585
583
587
586
583
588
587
583
591
590
589
592
591
589
593
592
589
596
595
594
597
596
594
598
597
594
599
598
594
600
599
594
603
602
601
604
603
601
605
604
601
606
605
601
607
606
601
608
607
601
609
608
601
610
609
601
611
610
601
612
611
601
613
612
601
616
615
614
617
616
614
620
619
618
621
620
618
622
621
618
625
624
623
628
627
626
629
628
626
630
629
626
633
632
631
634
633
631
637
636
635
638
637
635
641
640
639
642
641
639
645
644
643
646
645
643
647
646
643
650
649
648
651
650
648
652
651
648
653
652
648
656
655
654
657
656
654
660
659
658
661
660
658
664
663
662
665
664
662
666
665
662
667
666
662
668
667
662
671
670
669
672
671
669
673
672
669
674
673
669
675
674
669
678
677
676
679
678
676
680
679
676
681
680
676
684
683
682
685
684
682
688
687
686
689
688
686
692
691
690
693
692
690
694
693
690
695
694
690
696
695
690
699
698
697
700
699
697
701
700
697
704
703
702
705
704
702
708
707
706
709
708
706
712
711
710
713
712
710
714
713
710
715
714
710
718
717
716
721
720
719
722
721
719
723
722
719
724
723
719
727
726
725
728
727
725
731
730
729
732
731
729
735
734
733
736
735
733
739
738
737
740
739
737
743
742
741
744
743
741
747
746
745
748
747
745
751
750
749
752
751
749
755
754
753
756
755
753
759
758
757
760
759
757
763
762
761
764
763
761
767
766
765
768
767
765
771
770
769
774
773
772
775
774
772
776
775
772
777
776
772
778
777
772
781
780
779
782
781
779
783
782
779
786
785
784
787
786
784
790
789
788
791
790
788
794
793
792
795
794
792
796
795
792
797
796
792
798
797
792
801
800
799
802
801
799
805
804
803
806
805
803
807
806
803
810
809
808
811
810
808
814
813
812
817
816
815
818
817
815
819
818
815
822
821
820
823
822
820
826
825
824
827
826
824
830
829
828
831
830
828
832
831
828
835
834
833
836
835
833
839
838
837
842
841
840
843
842
840
846
845
844
847
846
844
848
847
844
851
850
849
854
853
852
855
854
852
856
855
852
859
858
857
862
861
860
863
862
860
1
3
0
3
2
0
0
1
2
1
3
0
3
2
0
2
1
0
3
2
0
1
3
0
3
2
0
2
1
0
3
2
0
4
3
0
5
4
0
8
7
6
9
8
6
10
9
6
13
12
11
14
13
11
15
14
11
18
17
16
19
18
16
20
19
16
23
22
21
24
23
21
25
24
21
28
27
26
29
28
26
32
31
30
33
32
30
34
33
30
35
34
30
38
37
36
39
38
36
42
41
40
43
42
40
44
43
40
47
46
45
48
47
45
51
50
49
52
51
49
55
54
53
56
55
53
57
56
53
58
57
53
59
58
53
60
59
53
63
62
61
64
63
61
65
64
61
66
65
61
67
66
61
68
67
61
71
70
69
72
71
69
75
74
73
76
75
73
77
76
73
80
79
78
81
80
78
82
81
78
83
82
78
86
85
84
87
86
84
90
89
88
91
90
88
94
93
92
95
94
92
98
97
96
99
98
96
102
101
100
103
102
100
106
105
104
107
106
104
110
109
108
113
112
111
114
113
111
115
114
111
116
115
111
117
116
111
120
119
118
121
120
118
122
121
118
123
122
118
126
125
124
127
126
124
130
129
128
131
130
128
132
131
128
135
134
133
136
135
133
139
138
137
140
139
137
143
142
141
144
143
141
147
146
145
148
147
145
151
150
149
152
151
149
153
152
149
154
153
149
157
156
155
158
157
155
159
158
155
160
159
155
163
162
161
164
163
161
167
166
165
168
167
165
171
170
169
172
171
169
175
174
173
176
175
173
177
176
173
180
179
178
181
180
178
184
183
182
185
184
182
188
187
186
189
188
186
190
189
186
193
192
191
194
193
191
195
194
191
198
197
196
199
198
196
200
199
196
201
200
196
204
203
202
207
206
205
208
207
205
209
208
205
210
209
205
213
212
211
216
215
214
217
216
214
218
217
214
221
220
219
224
223
222
225
224
222
226
225
222
227
226
222
228
227
222
231
230
229
232
231
229
235
234
233
236
235
233
237
236
233
240
239
238
241
240
238
244
243
242
245
244
242
246
245
242
247
246
242
248
247
242
251
250
249
252
251
249
253
252
249
254
253
249
257
256
255
258
257
255
261
260
259
262
261
259
265
264
263
266
265
263
267
266
263
268
267
263
271
270
269
272
271
269
273
272
269
274
273
269
277
276
275
278
277
275
279
278
275
282
281
280
283
282
280
286
285
284
287
286
284
290
289
288
291
290
288
294
293
292
295
294
292
296
295
292
297
296
292
298
297
292
301
300
299
304
303
302
305
304
302
306
305
302
309
308
307
310
309
307
313
312
311
314
313
311
315
314
311
316
315
311
317
316
311
320
319
318
321
320
318
324
323
322
325
324
322
328
327
326
329
328
326
330
329
326
333
332
331
334
333
331
337
336
335
338
337
335
341
340
339
342
341
339
345
344
343
1
3
0
3
2
0
0
1
2
0
2
3
4
5
6
4
6
7
8
9
10
8
10
11
8
11
12
8
12
13
14
15
16
14
16
17
14
17
18
19
20
21
19
21
22
1
3
0
3
2
0
2
1
0
3
2
0
6
5
4
7
6
4
1
3
0
3
2
0
2
1
0
3
2
0
4
3
0
5
4
0
6
5
0
7
6
0
10
9
8
11
10
8
14
13
12
15
14
12
16
15
12
17
16
12
20
19
18
21
20
18
24
23
22
25
24
22
28
27
26
29
28
26
30
29
26
33
32
31
34
33
31
35
34
31
38
37
36
39
38
36
40
39
36
41
40
36
42
41
36
45
44
43
46
45
43
47
46
43
48
47
43
49
48
43
50
49
43
53
52
51
56
55
54
57
56
54
58
57
54
59
58
54
60
59
54
63
62
61
64
63
61
65
64
61
66
65
61
69
68
67
70
69
67
71
70
67
72
71
67
75
74
73
78
77
76
79
78
76
80
79
76
83
82
81
84
83
81
85
84
81
88
87
86
89
88
86
90
89
86
91
90
86
92
91
86
93
92
86
96
95
94
97
96
94
100
99
98
101
100
98
104
103
102
105
104
102
108
107
106
109
108
106
110
109
106
111
110
106
112
111
106
115
114
113
116
115
113
117
116
113
120
119
118
121
120
118
124
123
122
125
124
122
128
127
126
129
128
126
132
131
130
133
132
130
134
133
130
135
134
130
138
137
136
139
138
136
142
141
140
143
142
140
146
145
144
147
146
144
148
147
144
151
150
149
152
151
149
153
152
149
156
155
154
157
156
154
160
159
158
161
160
158
162
161
158
163
162
158
166
165
164
167
166
164
168
167
164
171
170
169
172
171
169
175
174
173
176
175
173
177
176
173
180
179
178
181
180
178
184
183
182
185
184
182
186
185
182
189
188
187
190
189
187
191
190
187
194
193
192
195
194
192
196
195
192
199
198
197
200
199
197
201
200
197
202
201
197
205
204
203
206
205
203
207
206
203
210
209
208
211
210
208
214
213
212
215
214
212
216
215
212
219
218
217
220
219
217
223
222
221
224
223
221
225
224
221
226
225
221
229
228
227
230
229
227
233
232
231
234
233
231
235
234
231
238
237
236
239
238
236
242
241
240
243
242
240
246
245
244
247
246
244
250
249
248
251
250
248
254
253
252
255
254
252
256
255
252
259
258
257
260
259
257
261
260
257
262
261
257
263
262
257
266
265
264
1
3
0
3
2
0
2
1
0
3
2
0
6
5
4
7
6
4
1
3
0
3
2
0
2
1
0
3
2
0
4
3
0
5
4
0
6
5
0
7
6
0
10
9
8
11
10
8
14
13
12
15
14
12
18
17
16
19
18
16
20
19
16
23
22
21
24
23
21
25
24
21
28
27
26
29
28
26
30
29
26
33
32
31
34
33
31
35
34
31
38
37
36
39
38
36
40
39
36
41
40
36
42
41
36
45
44
43
48
47
46
49
48
46
50
49
46
51
50
46
52
51
46
55
54
53
58
57
56
59
58
56
62
61
60
63
62
60
66
65
64
67
66
64
68
67
64
69
68
64
70
69
64
71
70
64
74
73
72
77
76
75
78
77
75
81
80
79
82
81
79
83
82
79
84
83
79
85
84
79
86
85
79
89
88
87
90
89
87
93
92
91
94
93
91
97
96
95
98
97
95
99
98
95
100
99
95
101
100
95
104
103
102
105
104
102
106
105
102
107
106
102
110
109
108
111
110
108
112
111
108
113
112
108
114
113
108
115
114
108
118
117
116
119
118
116
122
121
120
123
122
120
126
125
124
129
128
127
130
129
127
131
130
127
134
133
132
135
134
132
138
137
136
139
138
136
142
141
140
143
142
140
144
143
140
145
144
140
146
145
140
149
148
147
150
149
147
153
152
151
154
153
151
157
156
155
158
157
155
161
160
159
162
161
159
163
162
159
166
165
164
167
166
164
168
167
164
171
170
169
172
171
169
173
172
169
174
173
169
177
176
175
178
177
175
181
180
179
182
181
179
183
182
179
186
185
184
187
186
184
188
187
184
191
190
189
192
191
189
193
192
189
196
195
194
197
196
194
198
197
194
201
200
199
202
201
199
203
202
199
206
205
204
207
206
204
210
209
208
211
210
208
214
213
212
215
214
212
216
215
212
219
218
217
220
219
217
221
220
217
1
3
0
3
2
0
0
1
2
1
3
0
3
2
0
0
1
2
0
2
3
0
3
4
0
4
5
1
3
0
3
2
0
2
1
0
3
2
0
4
3
0
7
6
5
8
7
5
1
3
0
3
2
0
2
1
0
3
2
0
4
3
0
5
4
0
6
5
0
9
8
7
10
9
7
11
10
7
12
11
7
15
14
13
16
15
13
17
16
13
20
19
18
21
20
18
24
23
22
25
24
22
28
27
26
29
28
26
32
31
30
33
32
30
34
33
30
37
36
35
38
37
35
39
38
35
42
41
40
43
42
40
46
45
44
47
46
44
50
49
48
51
50
48
52
51
48
55
54
53
56
55
53
57
56
53
58
57
53
61
60
59
62
61
59
65
64
63
66
65
63
69
68
67
70
69
67
71
70
67
74
73
72
75
74
72
78
77
76
79
78
76
80
79
76
83
82
81
84
83
81
87
86
85
88
87
85
91
90
89
92
91
89
93
92
89
96
95
94
97
96
94
100
99
98
101
100
98
102
101
98
105
104
103
106
105
103
109
108
107
110
109
107
113
112
111
114
113
111
115
114
111
116
115
111
119
118
117
120
119
117
123
122
121
124
123
121
127
126
125
128
127
125
131
130
129
132
131
129
135
134
133
136
135
133
139
138
137
140
139
137
141
140
137
144
143
142
145
144
142
146
145
142
149
148
147
150
149
147
151
150
147
154
153
152
155
154
152
158
157
156
159
158
156
162
161
160
163
162
160
166
165
164
167
166
164
168
167
164
171
170
169
172
171
169
175
174
173
176
175
173
179
178
177
180
179
177
183
182
181
184
183
181
185
184
181
188
187
186
189
188
186
192
191
190
193
192
190
196
195
194
197
196
194
200
199
198
201
200
198
1
3
0
3
2
0
2
1
0
3
2
0
4
3
0
7
6
5
8
7
5
9
8
5
12
11
10
13
12
10
14
13
10
15
14
10
16
15
10
19
18
17
20
19
17
23
22
21
24
23
21
27
26
25
28
27
25
31
30
29
32
31
29
35
34
33
36
35
33
39
38
37
40
39
37
41
40
37
42
41
37
43
42
37
46
45
44
47
46
44
48
47
44
51
50
49
52
51
49
53
52
49
54
53
49
57
56
55
58
57
55
61
60
59
62
61
59
63
62
59
66
65
64
67
66
64
70
69
68
71
70
68
74
73
72
75
74
72
76
75
72
77
76
72
80
79
78
81
80
78
82
81
78
83
82
78
86
85
84
87
86
84
90
89
88
91
90
88
94
93
92
95
94
92
96
95
92
99
98
97
100
99
97
101
100
97
102
101
97
103
102
97
106
105
104
107
106
104
108
107
104
111
110
109
112
111
109
113
112
109
116
115
114
119
118
117
120
119
117
123
122
121
124
123
121
125
124
121
128
127
126
129
128
126
132
131
130
133
132
130
136
135
134
137
136
134
140
139
138
141
140
138
144
143
142
145
144
142
146
145
142
149
148
147
150
149
147
151
150
147
154
153
152
155
154
152
158
157
156
159
158
156
162
161
160
163
162
160
166
165
164
167
166
164
170
169
168
171
170
168
174
173
172
175
174
172
176
175
172
179
178
177
180
179
177
183
182
181
184
183
181
185
184
181
186
185
181
189
188
187
190
189
187
193
192
191
194
193
191
195
194
191
196
195
191
197
196
191
200
199
198
201
200
198
202
201
198
205
204
203
206
205
203
207
206
203
208
207
203
211
210
209
212
211
209
213
212
209
214
213
209
217
216
215
218
217
215
221
220
219
224
223
222
227
226
225
228
227
225
229
228
225
232
231
230
233
232
230
236
235
234
237
236
234
240
239
238
241
240
238
244
243
242
245
244
242
246
245
242
247
246
242
250
249
248
251
250
248
252
251
248
253
252
248
254
253
248
257
256
255
258
257
255
259
258
255
260
259
255
261
260
255
262
261
255
263
262
255
266
265
264
267
266
264
268
267
264
269
268
264
270
269
264
273
272
271
274
273
271
277
276
275
278
277
275
279
278
275
282
281
280
283
282
280
284
283
280
287
286
285
288
287
285
291
290
289
292
291
289
293
292
289
294
293
289
295
294
289
296
295
289
297
296
289
298
297
289
301
300
299
302
301
299
303
302
299
306
305
304
307
306
304
308
307
304
309
308
304
310
309
304
313
312
311
314
313
311
315
314
311
318
317
316
321
320
319
322
321
319
323
322
319
324
323
319
327
326
325
330
329
328
331
330
328
334
333
332
335
334
332
338
337
336
339
338
336
340
339
336
343
342
341
344
343
341
345
344
341
348
347
346
349
348
346
352
351
350
355
354
353
356
355
353
1
3
0
3
2
0
0
1
2
0
2
3
0
3
4
0
4
5
6
7
8
6
8
9
6
9
10
6
10
11
12
13
14
15
16
17
15
17
18
15
18
19
15
19
20
15
20
21
22
23
24
22
24
25
22
25
26
22
26
27
28
29
30
31
32
33
31
33
34
31
34
35
31
35
36
37
38
39
40
41
42
40
42
43
44
45
46
44
46
47
44
47
48
44
48
49
50
51
52
50
52
53
50
53
54
50
54
55
56
57
58
56
58
59
56
59
60
61
62
63
61
63
64
61
64
65
61
65
66
67
68
69
67
69
70
71
72
73
74
75
76
74
76
77
78
79
80
78
80
81
82
83
84
82
84
85
86
87
88
86
88
89
90
91
92
90
92
93
90
93
94
95
96
97
1
3
0
3
2
0
0
1
2
0
2
3
1
3
0
3
2
0
2
1
0
5
4
3
6
5
3
7
6
3
10
9
8
11
10
8
14
13
12
15
14
12
16
15
12
19
18
17
20
19
17
21
20
17
22
21
17
25
24
23
26
25
23
27
26
23
30
29
28
31
30
28
34
33
32
35
34
32
38
37
36
39
38
36
40
39
36
43
42
41
44
43
41
45
44
41
48
47
46
49
48
46
50
49
46
51
50
46
54
53
52
57
56
55
58
57
55
59
58
55
62
61
60
63
62
60
66
65
64
67
66
64
70
69
68
73
72
71
74
73
71
75
74
71
76
75
71
79
78
77
80
79
77
81
80
77
84
83
82
85
84
82
86
85
82
87
86
82
90
89
88
91
90
88
92
91
88
93
92
88
96
95
94
97
96
94
98
97
94
101
100
99
102
101
99
105
104
103
106
105
103
109
108
107
110
109
107
113
112
111
114
113
111
115
114
111
118
117
116
119
118
116
120
119
116
123
122
121
124
123
121
127
126
125
128
127
125
131
130
129
132
131
129
135
134
133
136
135
133
137
136
133
140
139
138
141
140
138
144
143
142
145
144
142
146
145
142
147
146
142
150
149
148
153
152
151
154
153
151
155
154
151
158
157
156
159
158
156
162
161
160
163
162
160
164
163
160
165
164
160
166
165
160
169
168
167
172
171
170
173
172
170
176
175
174
177
176
174
180
179
178
181
180
178
184
183
182
185
184
182
188
187
186
189
188
186
190
189
186
191
190
186
192
191
186
193
192
186
194
193
186
195
194
186
196
195
186
199
198
197
200
199
197
203
202
201
204
203
201
207
206
205
208
207
205
209
208
205
210
209
205
213
212
211
214
213
211
217
216
215
220
219
218
221
220
218
222
221
218
225
224
223
226
225
223
229
228
227
230
229
227
233
232
231
234
233
231
237
236
235
238
237
235
241
240
239
242
241
239
243
242
239
246
245
244
247
246
244
248
247
244
249
248
244
250
249
244
253
252
251
254
253
251
257
256
255
258
257
255
259
258
255
262
261
260
263
262
260
264
263
260
265
264
260
266
265
260
267
266
260
270
269
268
271
270
268
274
273
272
275
274
272
278
277
276
279
278
276
282
281
280
285
284
283
286
285
283
287
286
283
288
287
283
289
288
283
292
291
290
293
292
290
294
293
290
295
294
290
298
297
296
299
298
296
300
299
296
301
300
296
302
301
296
303
302
296
306
305
304
309
308
307
310
309
307
311
310
307
314
313
312
315
314
312
318
317
316
319
318
316
322
321
320
323
322
320
324
323
320
327
326
325
328
327
325
331
330
329
332
331
329
333
332
329
334
333
329
337
336
335
338
337
335
339
338
335
340
339
335
341
340
335
344
343
342
347
346
345
348
347
345
351
350
349
352
351
349
355
354
353
356
355
353
357
356
353
360
359
358
361
360
358
364
363
362
365
364
362
366
365
362
367
366
362
368
367
362
369
368
362
370
369
362
371
370
362
374
373
372
375
374
372
376
375
372
377
376
372
378
377
372
381
380
379
382
381
379
383
382
379
384
383
379
385
384
379
386
385
379
387
386
379
388
387
379
389
388
379
392
391
390
393
392
390
396
395
394
397
396
394
398
397
394
401
400
399
402
401
399
405
404
403
406
405
403
407
406
403
408
407
403
411
410
409
412
411
409
413
412
409
414
413
409
417
416
415
418
417
415
419
418
415
422
421
420
423
422
420
426
425
424
427
426
424
428
427
424
431
430
429
434
433
432
435
434
432
436
435
432
437
436
432
438
437
432
439
438
432
440
439
432
441
440
432
444
443
442
445
444
442
446
445
442
447
446
442
450
449
448
451
450
448
454
453
452
455
454
452
458
457
456
459
458
456
460
459
456
461
460
456
462
461
456
463
462
456
466
465
464
467
466
464
470
469
468
473
472
471
474
473
471
477
476
475
478
477
475
481
480
479
482
481
479
485
484
483
486
485
483
489
488
487
490
489
487
493
492
491
494
493
491
495
494
491
498
497
496
499
498
496
502
501
500
503
502
500
506
505
504
507
506
504
508
507
504
509
508
504
512
511
510
513
512
510
514
513
510
517
516
515
518
517
515
519
518
515
522
521
520
525
524
523
528
527
526
531
530
529
532
531
529
535
534
533
536
535
533
539
538
537
540
539
537
543
542
541
544
543
541
547
546
545
548
547
545
551
550
549
552
551
549
555
554
553
556
555
553
559
558
557
560
559
557
561
560
557
562
561
557
563
562
557
564
563
557
565
564
557
568
567
566
569
568
566
572
571
570
573
572
570
576
575
574
577
576
574
578
577
574
581
580
579
582
581
579
585
584
583
586
585
583
587
586
583
590
589
588
591
590
588
592
591
588
595
594
593
596
595
593
597
596
593
600
599
598
601
600
598
1
3
0
3
2
0
2
1
0
3
2
0
4
3
0
5
4
0
6
5
0
7
6
0
8
7
0
9
8
0
10
9
0
11
10
0
14
13
12
15
14
12
18
17
16
19
18
16
1
3
0
3
2
0
2
1
0
3
2
0
4
3
0
5
4
0
6
5
0
7
6
0
10
9
8
11
10
8
12
11
8
15
14
13
16
15
13
17
16
13
18
17
13
19
18
13
20
19
13
1
3
0
3
2
0
0
1
2
0
2
3
0
3
4
0
4
5
0
5
6
0
6
7
0
7
8
9
10
11
12
13
14
12
14
15
16
17
18
16
18
19
16
19
20
16
20
21
16
21
22
23
24
25
23
25
26
27
28
29
27
29
30
31
32
33
31
33
34
35
36
37
35
37
38
35
38
39
35
39
40
35
40
41
1
3
0
3
2
0
2
1
0
3
2
0
6
5
4
7
6
4
8
7
4
11
10
9
12
11
9
13
12
9
14
13
9
17
16
15
18
17
15
21
20
19
22
21
19
25
24
23
26
25
23
27
26
23
30
29
28
31
30
28
34
33
32
35
34
32
36
35
32
37
36
32
40
39
38
41
40
38
42
41
38
45
44
43
46
45
43
49
48
47
50
49
47
53
52
51
54
53
51
57
56
55
58
57
55
61
60
59
62
61
59
63
62
59
64
63
59
65
64
59
68
67
66
69
68
66
72
71
70
73
72
70
76
75
74
77
76
74
80
79
78
81
80
78
84
83
82
85
84
82
88
87
86
89
88
86
92
91
90
93
92
90
96
95
94
97
96
94
98
97
94
99
98
94
102
101
100
103
102
100
104
103
100
107
106
105
108
107
105
111
110
109
112
111
109
115
114
113
116
115
113
119
118
117
120
119
117
121
120
117
1
3
0
3
2
0
0
1
2
3
4
5
3
5
6
3
6
7
3
7
8
9
10
11
12
13
14
12
14
15
12
15
16
1
3
0
3
2
0
2
1
0
5
4
3
6
5
3
7
6
3
8
7
3
9
8
3
12
11
10
13
12
10
14
13
10
17
16
15
18
17
15
21
20
19
22
21
19
25
24
23
26
25
23
29
28
27
30
29
27
33
32
31
34
33
31
35
34
31
38
37
36
39
38
36
42
41
40
43
42
40
46
45
44
47
46
44
48
47
44
49
48
44
50
49
44
53
52
51
54
53
51
57
56
55
58
57
55
61
60
59
62
61
59
63
62
59
66
65
64
67
66
64
68
67
64
71
70
69
72
71
69
75
74
73
76
75
73
77
76
73
78
77
73
81
80
79
84
83
82
85
84
82
86
85
82
87
86
82
90
89
88
91
90
88
92
91
88
95
94
93
98
97
96
99
98
96
102
101
100
103
102
100
106
105
104
107
106
104
110
109
108
111
110
108
114
113
112
115
114
112
118
117
116
121
120
119
1
3
0
3
2
0
2
1
0
3
2
0
6
5
4
7
6
4
10
9
8
11
10
8
14
13
12
15
14
12
18
17
16
19
18
16
20
19
16
23
22
21
24
23
21
27
26
25
28
27
25
31
30
29
32
31
29
33
32
29
36
35
34
37
36
34
40
39
38
43
42
41
44
43
41
47
46
45
48
47
45
1
3
0
3
2
0
0
1
2
0
2
3
0
3
4
0
4
5
0
5
6
0
6
7
8
9
10
8
10
11
8
11
12
8
12
13
14
15
16
14
16
17
18
19
20
18
20
21
22
23
24
22
24
25
26
27
28
26
28
29
30
31
32
30
32
33
34
35
36
34
36
37
34
37
38
1
3
0
3
2
0
2
1
0
3
2
0
4
3
0
7
6
5
8
7
5
9
8
5
10
9
5
11
10
5
14
13
12
15
14
12
18
17
16
19
18
16
22
21
20
23
22
20
26
25
24
27
26
24
30
29
28
31
30
28
32
31
28
35
34
33
36
35
33
37
36
33
38
37
33
39
38
33
42
41
40
43
42
40
46
45
44
47
46
44
50
49
48
51
50
48
52
51
48
55
54
53
56
55
53
57
56
53
58
57
53
59
58
53
62
61
60
63
62
60
64
63
60
67
66
65
70
69
68
71
70
68
72
71
68
73
72
68
76
75
74
77
76
74
78
77
74
79
78
74
82
81
80
83
82
80
84
83
80
87
86
85
88
87
85
89
88
85
92
91
90
93
92
90
96
95
94
97
96
94
98
97
94
101
100
99
102
101
99
103
102
99
104
103
99
105
104
99
108
107
106
109
108
106
112
111
110
113
112
110
114
113
110
115
114
110
116
115
110
117
116
110
118
117
110
119
118
110
120
119
110
123
122
121
124
123
121
125
124
121
128
127
126
129
128
126
132
131
130
133
132
130
134
133
130
135
134
130
136
135
130
137
136
130
140
139
138
141
140
138
144
143
142
145
144
142
146
145
142
147
146
142
150
149
148
151
150
148
154
153
152
155
154
152
156
155
152
159
158
157
160
159
157
163
162
161
164
163
161
165
164
161
168
167
166
171
170
169
172
171
169
173
172
169
176
175
174
177
176
174
180
179
178
181
180
178
182
181
178
185
184
183
186
185
183
187
186
183
190
189
188
191
190
188
194
193
192
195
194
192
198
197
196
199
198
196
202
201
200
203
202
200
206
205
204
207
206
204
210
209
208
211
210
208
214
213
212
215
214
212
218
217
216
219
218
216
220
219
216
221
220
216
222
221
216
225
224
223
226
225
223
229
228
227
230
229
227
233
232
231
234
233
231
237
236
235
238
237
235
239
238
235
240
239
235
243
242
241
244
243
241
245
244
241
248
247
246
249
248
246
250
249
246
253
252
251
256
255
254
257
256
254
260
259
258
261
260
258
264
263
262
265
264
262
266
265
262
267
266
262
270
269
268
271
270
268
274
273
272
275
274
272
1
3
0
3
2
0
0
1
2
0
2
3
4
5
6
4
6
7
1
3
0
3
2
0
0
1
2
0
2
3
0
3
4
0
4
5
0
5
6
0
6
7
8
9
10
8
10
11
8
11
12
8
12
13
14
15
16
14
16
17
14
17
18
19
20
21
1
3
0
3
2
0
0
1
2
0
2
3
1
3
0
3
2
0
2
1
0
3
2
0
6
5
4
7
6
4
8
7
4
9
8
4
10
9
4
11
10
4
14
13
12
15
14
12
16
15
12
17
16
12
20
19
18
23
22
21
24
23
21
25
24
21
28
27
26
29
28
26
30
29
26
31
30
26
34
33
32
35
34
32
38
37
36
39
38
36
42
41
40
45
44
43
46
45
43
47
46
43
48
47
43
49
48
43
52
51
50
53
52
50
54
53
50
57
56
55
58
57
55
59
58
55
60
59
55
63
62
61
64
63
61
67
66
65
68
67
65
71
70
69
72
71
69
75
74
73
76
75
73
77
76
73
80
79
78
81
80
78
82
81
78
83
82
78
84
83
78
87
86
85
88
87
85
89
88
85
92
91
90
93
92
90
94
93
90
97
96
95
98
97
95
99
98
95
100
99
95
101
100
95
104
103
102
105
104
102
106
105
102
109
108
107
110
109
107
111
110
107
114
113
112
117
116
115
118
117
115
121
120
119
122
121
119
125
124
123
126
125
123
127
126
123
128
127
123
131
130
129
132
131
129
135
134
133
136
135
133
137
136
133
138
137
133
141
140
139
142
141
139
143
142
139
146
145
144
147
146
144
148
147
144
151
150
149
152
151
149
153
152
149
154
153
149
155
154
149
158
157
156
159
158
156
160
159
156
161
160
156
164
163
162
165
164
162
166
165
162
167
166
162
170
169
168
171
170
168
174
173
172
175
174
172
178
177
176
179
178
176
180
179
176
183
182
181
184
183
181
187
186
185
188
187
185
189
188
185
192
191
190
195
194
193
196
195
193
197
196
193
198
197
193
199
198
193
202
201
200
205
204
203
206
205
203
209
208
207
212
211
210
213
212
210
216
215
214
217
216
214
218
217
214
219
218
214
222
221
220
223
222
220
224
223
220
227
226
225
228
227
225
229
228
225
232
231
230
235
234
233
236
235
233
237
236
233
238
237
233
241
240
239
242
241
239
243
242
239
244
243
239
247
246
245
248
247
245
251
250
249
252
251
249
255
254
253
256
255
253
257
256
253
258
257
253
261
260
259
262
261
259
265
264
263
266
265
263
267
266
263
270
269
268
271
270
268
274
273
272
275
274
272
278
277
276
279
278
276
282
281
280
283
282
280
284
283
280
285
284
280
286
285
280
287
286
280
290
289
288
291
290
288
292
291
288
295
294
293
298
297
296
299
298
296
302
301
300
305
304
303
306
305
303
307
306
303
308
307
303
309
308
303
310
309
303
313
312
311
314
313
311
315
314
311
316
315
311
317
316
311
318
317
311
319
318
311
320
319
311
321
320
311
322
321
311
325
324
323
326
325
323
327
326
323
328
327
323
331
330
329
332
331
329
335
334
333
336
335
333
339
338
337
340
339
337
341
340
337
342
341
337
345
344
343
346
345
343
347
346
343
350
349
348
351
350
348
354
353
352
355
354
352
356
355
352
357
356
352
358
357
352
361
360
359
362
361
359
365
364
363
366
365
363
369
368
367
370
369
367
371
370
367
372
371
367
375
374
373
378
377
376
379
378
376
380
379
376
383
382
381
386
385
384
389
388
387
390
389
387
393
392
391
394
393
391
395
394
391
398
397
396
399
398
396
402
401
400
403
402
400
404
403
400
407
406
405
408
407
405
409
408
405
412
411
410
413
412
410
416
415
414
417
416
414
418
417
414
421
420
419
422
421
419
425
424
423
426
425
423
427
426
423
430
429
428
431
430
428
434
433
432
435
434
432
436
435
432
437
436
432
438
437
432
439
438
432
442
441
440
443
442
440
444
443
440
447
446
445
448
447
445
449
448
445
452
451
450
453
452
450
456
455
454
459
458
457
460
459
457
461
460
457
462
461
457
463
462
457
464
463
457
465
464
457
468
467
466
469
468
466
472
471
470
473
472
470
476
475
474
479
478
477
480
479
477
481
480
477
484
483
482
485
484
482
486
485
482
489
488
487
490
489
487
493
492
491
494
493
491
495
494
491
498
497
496
499
498
496
500
499
496
501
500
496
504
503
502
505
504
502
506
505
502
509
508
507
512
511
510
513
512
510
514
513
510
515
514
510
516
515
510
517
516
510
518
517
510
521
520
519
522
521
519
525
524
523
526
525
523
529
528
527
530
529
527
533
532
531
534
533
531
537
536
535
538
537
535
541
540
539
544
543
542
545
544
542
548
547
546
551
550
549
552
551
549
1
3
0
3
2
0
2
1
0
3
2
0
4
3
0
5
4
0
8
7
6
11
10
9
12
11
9
15
14
13
16
15
13
1
3
0
3
2
0
0
1
2
0
2
3
4
5
6
4
6
7
8
9
10
8
10
11
12
13
14
12
14
15
12
15
16
12
16
17
1
3
0
3
2
0
2
1
0
3
2
0
4
3
0
5
4
0
6
5
0
9
8
7
10
9
7
11
10
7
14
13
12
17
16
15
18
17
15
21
20
19
22
21
19
25
24
23
26
25
23
27
26
23
28
27
23
31
30
29
34
33
32
35
34
32
36
35
32
39
38
37
40
39
37
43
42
41
44
43
41
47
46
45
48
47
45
49
48
45
50
49
45
53
52
51
56
55
54
57
56
54
58
57
54
59
58
54
60
59
54
1
3
0
3
2
0
0
1
2
0
2
3
1
3
0
3
2
0
0
1
2
0
2
3
4
5
6
4
6
7
4
7
8
9
10
11
9
11
12
9
12
13
1
3
0
3
2
0
0
1
2
0
2
3
0
3
4
0
4
5
6
7
8
6
8
9
10
11
12
10
12
13
14
15
16
14
16
17
18
19
20
18
20
21
22
23
24
22
24
25
1
3
0
3
2
0
0
1
2
3
4
5
3
5
6
3
6
7
3
7
8
3
8
9
10
11
12
10
12
13
14
15
16
14
16
17
18
19
20
18
20
21
1
3
0
3
2
0
2
1
0
3
2
0
4
3
0
7
6
5
8
7
5
11
10
9
12
11
9
13
12
9
16
15
14
17
16
14
18
17
14
1
3
0
3
2
0
2
1
0
3
2
0
4
3
0
5
4
0
8
7
6
9
8
6
10
9
6
11
10
6
14
13
12
15
14
12
16
15
12
17
16
12
20
19
18
21
20
18
24
23
22
25
24
22
26
25
22
27
26
22
30
29
28
31
30
28
32
31
28
33
32
28
34
33
28
37
36
35
38
37
35
41
40
39
1
3
0
3
2
0
0
1
2
3
4
5
3
5
6
7
8
9
7
9
10
7
10
11
7
11
12
13
14
15
13
15
16
13
16
17
13
17
18
19
20
21
19
21
22
19
22
23
19
23
24
25
26
27
25
27
28
25
28
29
25
29
30
31
32
33
31
33
34
31
34
35
1
3
0
3
2
0
2
1
0
3
2
0
4
3
0
7
6
5
8
7
5
11
10
9
12
11
9
13
12
9
14
13
9
15
14
9
18
17
16
19
18
16
22
21
20
23
22
20
26
25
24
27
26
24
28
27
24
31
30
29
32
31
29
33
32
29
34
33
29
1
3
0
3
2
0
2
1
0
1
3
0
3
2
0
2
1
0
3
2
0
6
5
4
7
6
4
1
3
0
3
2
0
2
1
0
3
2
0
6
5
4
7
6
4
8
7
4
9
8
4
10
9
4
11
10
4
12
11
4
15
14
13
16
15
13
17
16
13
18
17
13
19
18
13
20
19
13
23
22
21
26
25
24
27
26
24
30
29
28
31
30
28
32
31
28
33
32
28
36
35
34
37
36
34
38
37
34
41
40
39
42
41
39
1
3
0
3
2
0
2
1
0
5
4
3
6
5
3
1
3
0
3
2
0
0
1
2
0
2
3
0
3
4
0
4
5
1
3
0
3
2
0
0
1
2
0
2
3
1
3
0
3
2
0
0
1
2
0
2
3
0
3
4
0
4
5
1
3
0
3
2
0
0
1
2
0
2
3
0
3
4
5
6
7
5
7
8
9
10
11
9
11
12
13
14
15
13
15
16
13
16
17
18
19
20
18
20
21
22
23
24
22
24
25
22
25
26
22
26
27
1
3
0
3
2
0
0
1
2
0
2
3
4
5
6
4
6
7
1
3
0
3
2
0
2
1
0
3
2
0
4
3
0
1
3
0
3
2
0
2
1
0
3
2
0
4
3
0
7
6
5
8
7
5
9
8
5
1
3
0
3
2
0
2
1
0
3
2
0
6
5
4
7
6
4
10
9
8
11
10
8
14
13
12
15
14
12
1
3
0
3
2
0
0
1
2
0
2
3
4
5
6
4
6
7
1
3
0
3
2
0
2
1
0
3
2
0
4
3
0
1
3
0
3
2
0
0
1
2
0
2
3
0
3
4
0
4
5
1
3
0
3
2
0
2
1
0
3
2
0
4
3
0
1
3
0
3
2
0
0
1
2
0
2
3
0
3
4
0
4
5
0
5
6
7
8
9
10
11
12
13
14
15
13
15
16
13
16
17
13
17
18
19
20
21
22
23
24
22
24
25
22
25
26
27
28
29
30
31
32
30
32
33
34
35
36
34
36
37
34
37
38
39
40
41
39
41
42
39
42
43
1
3
0
3
2
0
2
1
0
3
2
0
1
3
0
3
2
0
2
1
0
3
2
0
6
5
4
7
6
4
1
3
0
3
2
0
2
1
0
3
2
0
6
5
4
7
6
4
10
9
8
11
10
8
12
11
8
13
12
8
14
13
8
15
14
8
16
15
8
17
16
8
18
17
8
19
18
8
20
19
8
21
20
8
22
21
8
23
22
8
24
23
8
27
26
25
28
27
25
29
28
25
30
29
25
33
32
31
34
33
31
37
36
35
38
37
35
39
38
35
1
3
0
3
2
0
0
1
2
0
2
3
4
5
6
4
6
7
8
9
10
8
10
11
1
3
0
3
2
0
2
1
0
3
2
0
4
3
0
7
6
5
1
3
0
3
2
0
0
1
2
0
2
3
1
3
0
3
2
0
2
1
0
3
2
0
4
3
0
5
4
0
8
7
6
9
8
6
10
9
6
11
10
6
14
13
12
17
16
15
18
17
15
19
18
15
20
19
15
21
20
15
24
23
22
25
24
22
26
25
22
27
26
22
30
29
28
33
32
31
34
33
31
35
34
31
36
35
31
39
38
37
42
41
40
43
42
40
46
45
44
47
46
44
48
47
44
49
48
44
52
51
50
53
52
50
54
53
50
55
54
50
58
57
56
59
58
56
60
59
56
63
62
61
64
63
61
65
64
61
66
65
61
69
68
67
70
69
67
73
72
71
1
3
0
3
2
0
0
1
2
0
2
3
0
3
4
0
4
5
0
5
6
7
8
9
10
11
12
10
12
13
14
15
16
14
16
17
14
17
18
19
20
21
19
21
22
19
22
23
24
25
26
24
26
27
24
27
28
29
30
31
29
31
32
33
34
35
33
35
36
33
36
37
1
3
0
3
2
0
2
1
0
3
2
0
4
3
0
5
4
0
8
7
6
9
8
6
10
9
6
13
12
11
14
13
11
1
3
0
3
2
0
2
1
0
3
2
0
4
3
0
7
6
5
1
3
0
3
2
0
0
1
2
3
4
5
3
5
6
3
6
7
8
9
10
11
12
13
11
13
14
11
14
15
11
15
16
1
3
0
3
2
0
0
1
2
0
2
3
4
5
6
4
6
7
1
3
0
3
2
0
0
1
2
0
2
3
1
3
0
3
2
0
2
1
0
3
2
0
6
5
4
7
6
4
1
3
0
3
2
0
2
1
0
3
2
0
4
3
0
7
6
5
8
7
5
1
3
0
3
2
0
0
1
2
0
2
3
1
3
0
3
2
0
0
1
2
0
2
3
4
5
6
4
6
7
8
9
10
8
10
11
1
3
0
3
2
0
2
1
0
3
2
0
1
3
0
3
2
0
0
1
2
0
2
3
4
5
6
4
6
7
8
9
10
8
10
11
1
3
0
3
2
0
0
1
2
0
2
3
4
5
6
4
6
7
8
9
10
8
10
11
1
3
0
3
2
0
0
1
2
0
2
3
0
3
4
1
3
0
3
2
0
0
1
2
0
2
3
1
3
0
3
2
0
0
1
2
0
2
3
4
5
6
4
6
7
8
9
10
8
10
11
1
3
0
3
2
0
0
1
2
0
2
3
4
5
6
4
6
7
1
3
0
3
2
0
0
1
2
0
2
3
4
5
6
4
6
7
8
9
10
8
10
11
12
13
14
12
14
15
16
17
18
16
18
19
20
21
22
20
22
23
24
25
26
24
26
27
28
29
30
28
30
31
32
33
34
32
34
35
1
3
0
3
2
0
0
1
2
0
2
3
0
3
4
1
3
0
3
2
0
0
1
2
0
2
3
0
3
4
5
6
7
5
7
8
1
3
0
3
2
0
0
1
2
0
2
3
4
5
6
4
6
7
8
9
10
8
10
11
8
11
12
8
12
13
1
3
0
3
2
0
0
1
2
0
2
3
1
3
0
3
2
0
2
1
0
5
4
3
6
5
3
7
6
3
8
7
3
11
10
9
12
11
9
13
12
9
16
15
14
17
16
14
1
3
0
3
2
0
0
1
2
0
2
3
0
3
4
1
3
0
3
2
0
0
1
2
0
2
3
1
3
0
3
2
0
0
1
2
0
2
3
1
3
0
3
2
0
0
1
2
3
4
5
3
5
6
3
6
7
3
7
8
1
3
0
3
2
0
2
1
0
3
2
0
1
3
0
3
2
0
0
1
2
0
2
3
1
3
0
3
2
0
0
1
2
0
2
3
1
3
0
3
2
0
2
1
0
3
2
0
6
5
4
7
6
4
1
3
0
3
2
0
2
1
0
3
2
0
4
3
0
1
3
0
3
2
0
0
1
2
0
2
3
1
3
0
3
2
0
0
1
2
0
2
3
1
3
0
3
2
0
0
1
2
0
2
3
1
3
0
3
2
0
0
1
2
0
2
3
0
3
4
0
4
5
0
5
6
7
8
9
7
9
10
11
12
13
14
15
16
14
16
17
14
17
18
19
20
21
22
23
24
22
24
25
22
25
26
22
26
27
22
27
28
29
30
31
32
33
34
35
36
37
35
37
38
1
3
0
3
2
0
2
1
0
3
2
0
6
5
4
7
6
4
1
3
0
3
2
0
0
1
2
0
2
3
4
5
6
4
6
7
1
3
0
3
2
0
0
1
2
0
2
3
0
3
4
5
6
7
5
7
8
1
3
0
3
2
0
0
1
2
0
2
3
0
3
4
1
3
0
3
2
0
0
1
2
0
2
3
0
3
4
5
6
7
5
7
8
1
3
0
3
2
0
0
1
2
0
2
3
1
3
0
3
2
0
0
1
2
0
2
3
1
3
0
3
2
0
0
1
2
0
2
3
4
5
6
4
6
7
1
3
0
3
2
0
0
1
2
0
2
3
0
3
4
1
3
0
3
2
0
0
1
2
1
3
0
3
2
0
0
1
2
0
2
3
4
5
6
4
6
7
1
3
0
3
2
0
0
1
2
0
2
3
0
3
4
1
3
0
3
2
0
0
1
2
0
2
3
0
3
4
0
4
5
6
7
8
6
8
9
6
9
10
6
10
11
12
13
14
12
14
15
16
17
18
16
18
19
20
21
22
20
22
23
1
3
0
3
2
0
2
1
0
3
2
0
6
5
4
7
6
4
8
7
4
11
10
9
12
11
9
1
3
0
3
2
0
0
1
2
0
2
3
1
3
0
3
2
0
0
1
2
0
2
3
1
3
0
3
2
0
0
1
2
0
2
3
4
5
6
4
6
7
1
3
0
3
2
0
0
1
2
0
2
3
1
3
0
3
2
0
0
1
2
0
2
3
0
3
4
1
3
0
3
2
0
0
1
2
0
2
3
1
3
0
3
2
0
0
1
2
0
2
3
1
3
0
3
2
0
0
1
2
0
2
3
1
3
0
3
2
0
0
1
2
0
2
3
4
5
6
4
6
7
1
3
0
3
2
0
0
1
2
0
2
3
1
3
0
3
2
0
0
1
2
0
2
3
4
5
6
4
6
7
1
3
0
3
2
0
0
1
2
0
2
3
4
5
6
4
6
7
1
3
0
3
2
0
0
1
2
0
2
3
1
3
0
3
2
0
0
1
2
0
2
3
4
5
6
4
6
7
1
3
0
3
2
0
0
1
2
0
2
3
0
3
4
1
3
0
3
2
0
0
1
2
0
2
3
1
3
0
3
2
0
0
1
2
0
2
3
1
3
0
3
2
0
0
1
2
0
2
3
4
5
6
4
6
7
1
3
0
3
2
0
0
1
2
0
2
3
1
3
0
3
2
0
0
1
2
0
2
3
4
5
6
4
6
7
1
3
0
3
2
0
0
1
2
0
2
3
0
3
4
5
6
7
5
7
8
1
3
0
3
2
0
0
1
2
0
2
3
1
3
0
3
2
0
0
1
2
0
2
3
1
3
0
3
2
0
0
1
2
0
2
3
1
3
0
3
2
0
2
1
0
3
2
0
6
5
4
7
6
4
1
3
0
3
2
0
0
1
2
0
2
3
1
3
0
3
2
0
0
1
2
0
2
3
1
3
0
3
2
0
0
1
2
0
2
3
0
3
4
1
3
0
3
2
0
0
1
2
0
2
3
0
3
4
1
3
0
3
2
0
0
1
2
0
2
3
1
3
0
3
2
0
0
1
2
0
2
3
1
3
0
3
2
0
0
1
2
0
2
3
1
3
0
3
2
0
0
1
2
0
2
3
1
3
0
3
2
0
0
1
2
0
2
3
0
3
4
1
3
0
3
2
0
0
1
2
0
2
3
1
3
0
3
2
0
2
1
0
3
2
0
6
5
4
7
6
4
1
3
0
3
2
0
0
1
2
0
2
3
0
3
4
1
3
0
3
2
0
0
1
2
0
2
3
0
3
4
1
3
0
3
2
0
0
1
2
0
2
3
1
3
0
3
2
0
0
1
2
0
2
3
1
3
0
3
2
0
0
1
2
0
2
3
4
5
6
4
6
7
1
3
0
3
2
0
0
1
2
1
3
0
3
2
0
2
1
0
3
2
0
1
3
0
3
2
0
0
1
2
0
2
3
0
3
4
0
4
5
6
7
8
6
8
9
6
9
10
11
12
13
11
13
14
11
14
15
16
17
18
16
18
19
1
3
0
3
2
0
0
1
2
0
2
3
0
3
4
5
6
7
5
7
8
1
3
0
3
2
0
0
1
2
0
2
3
0
3
4
1
3
0
3
2
0
0
1
2
0
2
3
1
3
0
3
2
0
0
1
2
0
2
3
1
3
0
3
2
0
0
1
2
0
2
3
0
3
4
5
6
7
5
7
8
1
3
0
3
2
0
0
1
2
0
2
3
4
5
6
4
6
7
1
3
0
3
2
0
0
1
2
0
2
3
4
5
6
4
6
7
1
3
0
3
2
0
0
1
2
0
2
3
1
3
0
3
2
0
0
1
2
0
2
3
1
3
0
3
2
0
0
1
2
0
2
3
4
5
6
4
6
7
8
9
10
8
10
11
8
11
12
13
14
15
13
15
16
1
3
0
3
2
0
0
1
2
0
2
3
4
5
6
4
6
7
1
3
0
3
2
0
0
1
2
0
2
3
4
5
6
4
6
7
8
9
10
8
10
11
8
11
12
1
3
0
3
2
0
0
1
2
0
2
3
0
3
4
1
3
0
3
2
0
0
1
2
0
2
3
1
3
0
3
2
0
0
1
2
0
2
3
4
5
6
4
6
7
1
3
0
3
2
0
2
1
0
3
2
0
1
3
0
3
2
0
0
1
2
0
2
3
1
3
0
3
2
0
2
1
0
3
2
0
1
3
0
3
2
0
0
1
2
0
2
3
4
5
6
4
6
7
1
3
0
3
2
0
0
1
2
0
2
3
0
3
4
1
3
0
3
2
0
0
1
2
0
2
3
0
3
4
0
4
5
6
7
8
6
8
9
1
3
0
3
2
0
2
1
0
3
2
0
1
3
0
3
2
0
0
1
2
0
2
3
0
3
4
5
6
7
5
7
8
5
8
9
5
9
10
1
3
0
3
2
0
2
1
0
3
2
0
1
3
0
3
2
0
0
1
2
0
2
3
1
3
0
3
2
0
0
1
2
1
3
0
3
2
0
2
1
0
3
2
0
4
3
0
1
3
0
3
2
0
0
1
2
0
2
3
4
5
6
4
6
7
1
3
0
3
2
0
0
1
2
0
2
3
1
3
0
3
2
0
0
1
2
0
2
3
0
3
4
1
3
0
3
2
0
0
1
2
0
2
3
0
3
4
0
4
5
0
5
6
1
3
0
3
2
0
0
1
2
0
2
3
0
3
4
1
3
0
3
2
0
0
1
2
0
2
3
0
3
4
0
4
5
1
3
0
3
2
0
0
1
2
0
2
3
0
3
4
5
6
7
5
7
8
1
3
0
3
2
0
2
1
0
3
2
0
4
3
0
1
3
0
3
2
0
0
1
2
0
2
3
0
3
4
5
6
7
5
7
8
1
3
0
3
2
0
0
1
2
1
3
0
3
2
0
0
1
2
0
2
3
4
5
6
4
6
7
8
9
10
8
10
11
8
11
12
13
14
15
13
15
16
13
16
17
18
19
20
18
20
21
18
21
22
23
24
25
23
25
26
23
26
27
28
29
30
28
30
31
28
31
32
33
34
35
1
3
0
3
2
0
0
1
2
0
2
3
0
3
4
0
4
5
0
5
6
0
6
7
8
9
10
8
10
11
12
13
14
15
16
17
15
17
18
15
18
19
20
21
22
20
22
23
20
23
24
25
26
27
25
27
28
25
28
29
30
31
32
30
32
33
1
3
0
3
2
0
0
1
2
0
2
3
4
5
6
4
6
7
4
7
8
4
8
9
10
11
12
10
12
13
1
3
0
3
2
0
0
1
2
0
2
3
4
5
6
4
6
7
4
7
8
4
8
9
10
11
12
10
12
13
14
15
16
14
16
17
1
3
0
3
2
0
2
1
0
3
2
0
4
3
0
7
6
5
8
7
5
9
8
5
1
3
0
3
2
0
2
1
0
3
2
0
4
3
0
1
3
0
3
2
0
2
1
0
3
2
0
6
5
4
7
6
4
8
7
4
9
8
4
1
3
0
3
2
0
0
1
2
0
2
3
4
5
6
4
6
7
4
7
8
1
3
0
3
2
0
0
1
2
0
2
3
0
3
4
5
6
7
5
7
8
5
8
9
5
9
10
1
3
0
3
2
0
0
1
2
0
2
3
0
3
4
0
4
5
1
3
0
3
2
0
0
1
2
0
2
3
4
5
6
4
6
7
1
3
0
3
2
0
0
1
2
0
2
3
1
3
0
3
2
0
0
1
2
0
2
3
1
3
0
3
2
0
0
1
2
0
2
3
0
3
4
1
3
0
3
2
0
0
1
2
0
2
3
1
3
0
3
2
0
0
1
2
0
2
3
0
3
4
1
3
0
3
2
0
0
1
2
0
2
3
1
3
0
3
2
0
0
1
2
0
2
3
4
5
6
4
6
7
8
9
10
8
10
11
8
11
12
13
14
15
13
15
16
1
3
0
3
2
0
2
1
0
3
2
0
1
3
0
3
2
0
0
1
2
0
2
3
1
3
0
3
2
0
0
1
2
0
2
3
1
3
0
3
2
0
0
1
2
0
2
3
1
3
0
3
2
0
0
1
2
0
2
3
1
3
0
3
2
0
0
1
2
0
2
3
4
5
6
4
6
7
1
3
0
3
2
0
0
1
2
0
2
3
1
3
0
3
2
0
0
1
2
1
3
0
3
2
0
0
1
2
0
2
3
0
3
4
1
3
0
3
2
0
0
1
2
0
2
3
1
3
0
3
2
0
0
1
2
0
2
3
4
5
6
4
6
7
4
7
8
1
3
0
3
2
0
0
1
2
0
2
3
1
3
0
3
2
0
0
1
2
0
2
3
0
3
4
0
4
5
6
7
8
6
8
9
6
9
10
11
12
13
11
13
14
1
3
0
3
2
0
0
1
2
0
2
3
4
5
6
4
6
7
1
3
0
3
2
0
0
1
2
0
2
3
1
3
0
3
2
0
2
1
0
3
2
0
1
3
0
3
2
0
0
1
2
0
2
3
0
3
4
5
6
7
5
7
8
1
3
0
3
2
0
2
1
0
3
2
0
6
5
4
7
6
4
1
3
0
3
2
0
2
1
0
5
4
3
6
5
3
7
6
3
10
9
8
11
10
8
14
13
12
15
14
12
16
15
12
17
16
12
1
3
0
3
2
0
0
1
2
0
2
3
1
3
0
3
2
0
0
1
2
0
2
3
1
3
0
3
2
0
0
1
2
0
2
3
1
3
0
3
2
0
0
1
2
0
2
3
1
3
0
3
2
0
2
1
0
3
2
0
4
3
0
1
3
0
3
2
0
0
1
2
0
2
3
4
5
6
4
6
7
4
7
8
9
10
11
9
11
12
9
12
13
14
15
16
14
16
17
14
17
18
14
18
19
20
21
22
20
22
23
1
3
0
3
2
0
0
1
2
0
2
3
1
3
0
3
2
0
0
1
2
0
2
3
4
5
6
4
6
7
4
7
8
1
3
0
3
2
0
0
1
2
0
2
3
1
3
0
3
2
0
0
1
2
0
2
3
4
5
6
4
6
7
4
7
8
9
10
11
9
11
12
9
12
13
9
13
14
15
16
17
15
17
18
1
3
0
3
2
0
0
1
2
0
2
3
0
3
4
5
6
7
5
7
8
5
8
9
1
3
0
3
2
0
2
1
0
3
2
0
4
3
0
7
6
5
8
7
5
11
10
9
12
11
9
1
3
0
3
2
0
0
1
2
3
4
5
3
5
6
3
6
7
8
9
10
8
10
11
1
3
0
3
2
0
0
1
2
0
2
3
1
3
0
3
2
0
2
1
0
3
2
0
4
3
0
5
4
0
8
7
6
9
8
6
12
11
10
13
12
10
16
15
14
17
16
14
20
19
18
21
20
18
22
21
18
25
24
23
26
25
23
27
26
23
30
29
28
31
30
28
34
33
32
35
34
32
38
37
36
39
38
36
1
3
0
3
2
0
0
1
2
0
2
3
1
3
0
3
2
0
2
1
0
3
2
0
4
3
0
5
4
0
6
5
0
1
3
0
3
2
0
2
1
0
3
2
0
1
3
0
3
2
0
2
1
0
3
2
0
4
3
0
5
4
0
1
3
0
3
2
0
2
1
0
3
2
0
4
3
0
5
4
0
1
3
0
3
2
0
0
1
2
0
2
3
4
5
6
4
6
7
1
3
0
3
2
0
0
1
2
0
2
3
4
5
6
4
6
7
4
7
8
4
8
9
4
9
10
11
12
13
11
13
14
1
3
0
3
2
0
2
1
0
3
2
0
6
5
4
7
6
4
8
7
4
9
8
4
1
3
0
3
2
0
0
1
2
0
2
3
4
5
6
4
6
7
1
3
0
3
2
0
2
1
0
3
2
0
1
3
0
3
2
0
2
1
0
5
4
3
6
5
3
7
6
3
1
3
0
3
2
0
0
1
2
0
2
3
1
3
0
3
2
0
0
1
2
0
2
3
0
3
4
0
4
5
0
5
6
0
6
7
0
7
8
1
3
0
3
2
0
0
1
2
0
2
3
4
5
6
4
6
7
4
7
8
4
8
9
4
9
10
1
3
0
3
2
0
2
1
0
3
2
0
1
3
0
3
2
0
0
1
2
3
4
5
3
5
6
3
6
7
3
7
8
1
3
0
3
2
0
2
1
0
3
2
0
1
3
0
3
2
0
0
1
2
0
2
3
4
5
6
4
6
7
8
9
10
8
10
11
12
13
14
12
14
15
12
15
16
1
3
0
3
2
0
0
1
2
0
2
3
0
3
4
0
4
5
6
7
8
6
8
9
10
11
12
10
12
13
10
13
14
1
3
0
3
2
0
2
1
0
3
2
0
1
3
0
3
2
0
2
1
0
5
4
3
6
5
3
7
6
3
1
3
0
3
2
0
2
1
0
3
2
0
6
5
4
7
6
4
1
3
0
3
2
0
2
1
0
3
2
0
1
3
0
3
2
0
2
1
0
3
2
0
4
3
0
5
4
0
6
5
0
7
6
0
10
9
8
11
10
8
12
11
8
13
12
8
14
13
8
1
3
0
3
2
0
0
1
2
0
2
3
1
3
0
3
2
0
2
1
0
3
2
0
4
3
0
1
3
0
3
2
0
0
1
2
0
2
3
0
3
4
1
3
0
3
2
0
0
1
2
0
2
3
1
3
0
3
2
0
2
1
0
3
2
0
1
3
0
3
2
0
2
1
0
3
2
0
1
3
0
3
2
0
0
1
2
0
2
3
1
3
0
3
2
0
0
1
2
0
2
3
1
3
0
3
2
0
0
1
2
0
2
3
1
3
0
3
2
0
2
1
0
3
2
0
4
3
0
1
3
0
3
2
0
2
1
0
3
2
0
4
3
0
1
3
0
3
2
0
0
1
2
0
2
3
1
3
0
3
2
0
0
1
2
0
2
3
0
3
4
1
3
0
3
2
0
2
1
0
3
2
0
4
3
0
7
6
5
8
7
5
9
8
5
10
9
5
1
3
0
3
2
0
0
1
2
0
2
3
1
3
0
3
2
0
0
1
2
0
2
3
0
3
4
0
4
5
0
5
6
1
3
0
3
2
0
2
1
0
3
2
0
1
3
0
3
2
0
0
1
2
0
2
3
4
5
6
4
6
7
1
3
0
3
2
0
2
1
0
3
2
0
1
3
0
3
2
0
0
1
2
0
2
3
1
3
0
3
2
0
2
1
0
3
2
0
4
3
0
7
6
5
8
7
5
9
8
5
10
9
5
11
10
5
12
11
5
13
12
5
16
15
14
17
16
14
18
17
14
19
18
14
1
3
0
3
2
0
0
1
2
0
2
3
1
3
0
3
2
0
0
1
2
0
2
3
1
3
0
3
2
0
0
1
2
0
2
3
1
3
0
3
2
0
0
1
2
0
2
3
1
3
0
3
2
0
0
1
2
0
2
3
1
3
0
3
2
0
0
1
2
0
2
3
1
3
0
3
2
0
0
1
2
0
2
3
0
3
4
0
4
5
0
5
6
7
8
9
7
9
10
7
10
11
7
11
12
13
14
15
13
15
16
17
18
19
17
19
20
17
20
21
22
23
24
22
24
25
22
25
26
1
3
0
3
2
0
0
1
2
0
2
3
1
3
0
3
2
0
0
1
2
0
2
3
0
3
4
0
4
5
6
7
8
9
10
11
9
11
12
9
12
13
9
13
14
9
14
15
9
15
16
1
3
0
3
2
0
2
1
0
3
2
0
1
3
0
3
2
0
0
1
2
0
2
3
0
3
4
0
4
5
1
3
0
3
2
0
2
1
0
3
2
0
4
3
0
5
4
0
6
5
0
1
3
0
3
2
0
0
1
2
0
2
3
0
3
4
1
3
0
3
2
0
0
1
2
0
2
3
4
5
6
4
6
7
8
9
10
8
10
11
12
13
14
12
14
15
1
3
0
3
2
0
0
1
2
0
2
3
0
3
4
1
3
0
3
2
0
0
1
2
0
2
3
0
3
4
1
3
0
3
2
0
0
1
2
1
3
0
3
2
0
0
1
2
0
2
3
0
3
4
0
4
5
0
5
6
7
8
9
10
11
12
1
3
0
3
2
0
0
1
2
0
2
3
4
5
6
1
3
0
3
2
0
0
1
2
0
2
3
1
3
0
3
2
0
0
1
2
0
2
3
1
3
0
3
2
0
0
1
2
0
2
3
1
3
0
3
2
0
0
1
2
0
2
3
1
3
0
3
2
0
0
1
2
0
2
3
0
3
4
0
4
5
1
3
0
3
2
0
2
1
0
3
2
0
4
3
0
7
6
5
8
7
5
9
8
5
12
11
10
13
12
10
16
15
14
17
16
14
18
17
14
21
20
19
22
21
19
23
22
19
26
25
24
27
26
24
28
27
24
29
28
24
32
31
30
33
32
30
36
35
34
37
36
34
40
39
38
41
40
38
44
43
42
45
44
42
48
47
46
49
48
46
52
51
50
53
52
50
54
53
50
57
56
55
58
57
55
59
58
55
60
59
55
63
62
61
64
63
61
65
64
61
68
67
66
69
68
66
72
71
70
73
72
70
76
75
74
77
76
74
80
79
78
81
80
78
82
81
78
83
82
78
86
85
84
87
86
84
88
87
84
91
90
89
92
91
89
95
94
93
96
95
93
97
96
93
100
99
98
101
100
98
104
103
102
105
104
102
106
105
102
109
108
107
112
111
110
113
112
110
114
113
110
117
116
115
118
117
115
121
120
119
122
121
119
125
124
123
126
125
123
127
126
123
130
129
128
131
130
128
134
133
132
135
134
132
136
135
132
139
138
137
140
139
137
141
140
137
144
143
142
145
144
142
148
147
146
149
148
146
150
149
146
153
152
151
154
153
151
155
154
151
156
155
151
159
158
157
160
159
157
161
160
157
164
163
162
165
164
162
168
167
166
169
168
166
170
169
166
173
172
171
174
173
171
177
176
175
178
177
175
179
178
175
180
179
175
183
182
181
184
183
181
187
186
185
188
187
185
191
190
189
192
191
189
195
194
193
196
195
193
199
198
197
200
199
197
201
200
197
204
203
202
205
204
202
206
205
202
209
208
207
210
209
207
213
212
211
214
213
211
217
216
215
218
217
215
219
218
215
222
221
220
223
222
220
226
225
224
227
226
224
230
229
228
231
230
228
234
233
232
235
234
232
238
237
236
239
238
236
1
3
0
3
2
0
2
1
0
3
2
0
6
5
4
7
6
4
10
9
8
11
10
8
14
13
12
15
14
12
18
17
16
19
18
16
1
3
0
3
2
0
2
1
0
3
2
0
4
3
0
7
6
5
8
7
5
11
10
9
12
11
9
13
12
9
16
15
14
17
16
14
18
17
14
19
18
14
1
3
0
3
2
0
2
1
0
3
2
0
6
5
4
7
6
4
10
9
8
11
10
8
14
13
12
15
14
12
18
17
16
19
18
16
22
21
20
23
22
20
1
3
0
3
2
0
2
1
0
3
2
0
4
3
0
7
6
5
8
7
5
9
8
5
10
9
5
13
12
11
14
13
11
15
14
11
18
17
16
19
18
16
20
19
16
1
3
0
3
2
0
2
1
0
3
2
0
4
3
0
5
4
0
8
7
6
9
8
6
10
9
6
13
12
11
14
13
11
15
14
11
1
3
0
3
2
0
2
1
0
3
2
0
4
3
0
7
6
5
8
7
5
11
10
9
12
11
9
13
12
9
14
13
9
17
16
15
18
17
15
19
18
15
22
21
20
23
22
20
24
23
20
1
3
0
3
2
0
2
1
0
3
2
0
4
3
0
7
6
5
8
7
5
9
8
5
12
11
10
13
12
10
