1
3
0
3
2
0
4
5
6
4
6
7
8
9
10
8
10
11
8
11
12
14
16
13
16
15
13
19
18
17
20
19
17
23
22
21
24
23
21
27
26
25
28
27
25
31
30
29
32
31
29
33
32
29
36
35
34
37
36
34
38
37
34
41
40
39
42
41
39
45
44
43
46
45
43
47
46
43
49
51
48
51
50
48
54
53
52
55
54
52
56
55
52
59
58
57
60
59
57
61
60
57
64
63
62
65
64
62
66
65
62
69
68
67
70
69
67
71
70
67
72
71
67
75
74
73
76
75
73
77
76
73
79
81
78
81
80
78
84
83
82
85
84
82
88
87
86
89
88
86
90
89
86
91
90
86
94
93
92
95
94
92
97
99
96
99
98
96
100
101
102
100
102
103
100
103
104
105
106
107
105
107
108
109
110
111
109
111
112
113
114
115
113
115
116
118
120
117
120
119
117
123
122
121
124
123
121
125
124
121
128
127
126
129
128
126
132
131
130
133
132
130
136
135
134
137
136
134
140
139
138
141
140
138
144
143
142
145
144
142
146
145
142
147
146
142
150
149
148
151
150
148
152
151
148
155
154
153
156
155
153
159
158
157
160
159
157
161
160
157
163
165
162
165
164
162
166
167
168
166
168
169
171
173
170
173
172
170
174
175
176
174
176
177
174
177
178
180
182
179
182
181
179
183
184
185
183
185
186
183
186
187
183
187
188
189
190
191
189
191
192
194
196
193
196
195
193
197
198
199
197
199
200
202
204
201
204
203
201
207
206
205
208
207
205
210
212
209
212
211
209
215
214
213
216
215
213
218
220
217
220
219
217
223
222
221
224
223
221
226
228
225
228
227
225
231
230
229
232
231
229
235
234
233
236
235
233
238
240
237
240
239
237
241
242
243
241
243
244
241
244
245
247
249
246
249
248
246
250
251
252
250
252
253
254
255
256
254
256
257
259
261
258
261
260
258
264
263
262
265
264
262
268
267
266
269
268
266
270
269
266
273
272
271
274
273
271
277
276
275
278
277
275
281
280
279
282
281
279
284
286
283
286
285
283
287
288
289
287
289
290
291
292
293
291
293
294
295
296
297
295
297
298
299
300
301
299
301
302
304
306
303
306
305
303
309
308
307
310
309
307
311
310
307
313
315
312
315
314
312
316
317
318
316
318
319
320
321
322
320
322
323
324
325
326
324
326
327
328
329
330
328
330
331
333
335
332
335
334
332
338
337
336
339
338
336
341
343
340
343
342
340
344
345
346
344
346
347
344
347
348
350
352
349
352
351
349
355
354
353
356
355
353
359
358
357
360
359
357
361
360
357
364
363
362
365
364
362
366
365
362
369
368
367
370
369
367
371
370
367
372
371
367
375
374
373
376
375
373
377
376
373
380
379
378
381
380
378
382
381
378
385
384
383
386
385
383
389
388
387
390
389
387
391
390
387
394
393
392
395
394
392
396
395
392
397
396
392
399
401
398
401
400
398
402
403
404
402
404
405
402
405
406
408
410
407
410
409
407
411
412
413
411
413
414
411
414
415
417
419
416
419
418
416
422
421
420
423
422
420
426
425
424
429
428
427
430
429
427
432
434
431
434
433
431
435
436
437
435
437
438
439
440
441
439
441
442
439
442
443
444
445
446
444
446
447
448
449
450
448
450
451
452
453
454
452
454
455
456
457
458
456
458
459
461
463
460
463
462
460
464
465
466
464
466
467
469
471
468
471
470
468
474
473
472
475
474
472
476
475
472
479
478
477
480
479
477
483
482
481
484
483
481
487
486
485
488
487
485
491
490
489
492
491
489
495
494
493
496
495
493
497
496
493
500
499
498
501
500
498
504
503
502
505
504
502
508
507
506
509
508
506
512
511
510
513
512
510
514
513
510
516
518
515
518
517
515
519
520
521
522
523
524
522
524
525
522
525
526
527
528
529
527
529
530
531
532
533
531
533
534
535
536
537
535
537
538
539
540
541
539
541
542
543
544
545
543
545
546
543
546
547
548
549
550
548
550
551
548
551
552
548
552
553
554
555
556
554
556
557
554
557
558
559
560
561
559
561
562
559
562
563
559
563
564
559
564
565
566
567
568
566
568
569
570
571
572
570
572
573
570
573
574
575
576
577
575
577
578
575
578
579
580
581
582
580
582
583
580
583
584
580
584
585
586
587
588
586
588
589
586
589
590
591
592
593
591
593
594
595
596
597
595
597
598
595
598
599
600
601
602
600
602
603
604
605
606
607
608
609
607
609
610
612
614
611
614
613
611
617
616
615
618
617
615
619
618
615
620
619
615
623
622
621
624
623
621
627
626
625
628
627
625
629
628
625
631
633
630
633
632
630
634
635
636
634
636
637
638
639
640
638
640
641
643
645
642
645
644
642
648
647
646
649
648
646
650
649
646
651
650
646
653
655
652
655
654
652
658
657
656
659
658
656
662
661
660
663
662
660
665
667
664
667
666
664
668
669
670
668
670
671
672
673
674
672
674
675
677
679
676
679
678
676
682
681
680
683
682
680
684
683
680
685
684
680
686
685
680
687
686
680
690
689
688
691
690
688
694
693
692
695
694
692
698
697
696
700
702
699
702
701
699
703
704
705
706
707
708
706
708
709
706
709
710
706
710
711
706
711
712
714
716
713
716
715
713
717
718
719
717
719
720
722
724
721
724
723
721
727
726
725
728
727
725
729
728
725
732
731
730
733
732
730
734
733
730
735
734
730
738
737
736
739
738
736
742
741
740
743
742
740
746
745
744
747
746
744
748
747
744
749
748
744
750
749
744
753
752
751
754
753
751
755
754
751
758
757
756
759
758
756
762
761
760
763
762
760
766
765
764
767
766
764
768
767
764
769
768
764
772
771
770
773
772
770
776
775
774
777
776
774
780
779
778
781
780
778
782
781
778
783
782
778
786
785
784
787
786
784
788
787
784
789
788
784
792
791
790
793
792
790
794
793
790
795
794
790
796
795
790
799
798
797
800
799
797
803
802
801
804
803
801
805
804
801
808
807
806
809
808
806
812
811
810
813
812
810
815
817
814
817
816
814
820
819
818
823
822
821
824
823
821
827
826
825
828
827
825
831
830
829
832
831
829
835
834
833
836
835
833
837
836
833
838
837
833
839
838
833
842
841
840
843
842
840
844
843
840
845
844
840
846
845
840
849
848
847
850
849
847
853
852
851
854
853
851
857
856
855
858
857
855
861
860
859
862
861
859
864
866
863
866
865
863
867
868
869
867
869
870
867
870
871
872
873
874
872
874
875
877
879
876
879
878
876
882
881
880
883
882
880
884
883
880
887
886
885
888
887
885
891
890
889
892
891
889
895
894
893
896
895
893
899
898
897
900
899
897
903
902
901
904
903
901
905
904
901
908
907
906
909
908
906
910
909
906
911
910
906
914
913
912
915
914
912
918
917
916
919
918
916
922
921
920
923
922
920
926
925
924
927
926
924
930
929
928
931
930
928
934
933
932
935
934
932
936
935
932
939
938
937
940
939
937
941
940
937
944
943
942
945
944
942
948
947
946
949
948
946
952
951
950
953
952
950
956
955
954
957
956
954
960
959
958
961
960
958
964
963
962
965
964
962
966
965
962
969
968
967
970
969
967
973
972
971
974
973
971
975
974
971
978
977
976
979
978
976
980
979
976
983
982
981
984
983
981
985
984
981
988
987
986
989
988
986
992
991
990
993
992
990
996
995
994
997
996
994
999
1001
998
1001
1000
998
1002
1003
1004
1002
1004
1005
1007
1009
1006
1009
1008
1006
1012
1011
1010
1013
1012
1010
1014
1013
1010
1015
1014
1010
1018
1017
1016
1019
1018
1016
1022
1021
1020
1023
1022
1020
1026
1025
1024
1027
1026
1024
1030
1029
1028
1031
1030
1028
1032
1031
1028
1035
1034
1033
1036
1035
1033
1038
1040
1037
1040
1039
1037
1043
1042
1041
1044
1043
1041
1046
1048
1045
1048
1047
1045
1051
1050
1049
1052
1051
1049
1053
1052
1049
1054
1053
1049
1057
1056
1055
1058
1057
1055
1061
1060
1059
1062
1061
1059
1065
1064
1063
1066
1065
1063
1069
1068
1067
1070
1069
1067
1073
1072
1071
1074
1073
1071
1077
1076
1075
1078
1077
1075
1079
1078
1075
1080
1079
1075
1082
1084
1081
1084
1083
1081
1087
1086
1085
1088
1087
1085
1089
1088
1085
1090
1089
1085
1093
1092
1091
1094
1093
1091
1095
1094
1091
1096
1095
1091
1099
1098
1097
1100
1099
1097
1101
1100
1097
1104
1103
1102
1105
1104
1102
1106
1105
1102
1109
1108
1107
1110
1109
1107
1111
1110
1107
1114
1113
1112
1115
1114
1112
1118
1117
1116
1119
1118
1116
1120
1119
1116
1123
1122
1121
1124
1123
1121
1127
1126
1125
1128
1127
1125
1129
1128
1125
1130
1129
1125
1132
1134
1131
1134
1133
1131
1135
1136
1137
1135
1137
1138
1135
1138
1139
1140
1141
1142
1140
1142
1143
1145
1147
1144
1147
1146
1144
1150
1149
1148
1151
1150
1148
1152
1151
1148
1153
1152
1148
1156
1155
1154
1157
1156
1154
1158
1157
1154
1159
1158
1154
1162
1161
1160
1163
1162
1160
1164
1163
1160
1167
1166
1165
1168
1167
1165
1171
1170
1169
1172
1171
1169
1174
1176
1173
1176
1175
1173
1179
1178
1177
1180
1179
1177
1181
1180
1177
1183
1185
1182
1185
1184
1182
1188
1187
1186
1189
1188
1186
1190
1189
1186
1193
1192
1191
1194
1193
1191
1195
1194
1191
1196
1195
1191
1199
1198
1197
1200
1199
1197
1201
1200
1197
1202
1201
1197
1205
1204
1203
1206
1205
1203
1209
1208
1207
1210
1209
1207
1211
1210
1207
1214
1213
1212
1215
1214
1212
1216
1215
1212
1219
1218
1217
1220
1219
1217
1221
1220
1217
1223
1225
1222
1225
1224
1222
1228
1227
1226
1229
1228
1226
1230
1229
1226
1233
1232
1231
1234
1233
1231
1235
1234
1231
1238
1237
1236
1239
1238
1236
1242
1241
1240
1243
1242
1240
1246
1245
1244
1247
1246
1244
1250
1249
1248
1251
1250
1248
1252
1251
1248
1254
1256
1253
1256
1255
1253
1257
1258
1259
1257
1259
1260
1262
1264
1261
1264
1263
1261
1267
1266
1265
1268
1267
1265
1271
1270
1269
1272
1271
1269
1274
1276
1273
1276
1275
1273
1277
1278
1279
1277
1279
1280
1281
1282
1283
1281
1283
1284
1285
1286
1287
1285
1287
1288
1290
1292
1289
1292
1291
1289
1293
1294
1295
1293
1295
1296
1293
1296
1297
1293
1297
1298
1300
1302
1299
1302
1301
1299
1305
1304
1303
1306
1305
1303
1307
1306
1303
1310
1309
1308
1311
1310
1308
1314
1313
1312
1315
1314
1312
1318
1317
1316
1319
1318
1316
1320
1319
1316
1323
1322
1321
1324
1323
1321
1327
1326
1325
1328
1327
1325
1331
1330
1329
1332
1331
1329
1335
1334
1333
1336
1335
1333
1337
1336
1333
1339
1341
1338
1341
1340
1338
1342
1343
1344
1342
1344
1345
1347
1349
1346
1349
1348
1346
1350
1351
1352
1350
1352
1353
1355
1357
1354
1357
1356
1354
1360
1359
1358
1361
1360
1358
1364
1363
1362
1365
1364
1362
1366
1365
1362
1369
1368
1367
1370
1369
1367
1371
1370
1367
1372
1371
1367
1373
1372
1367
1374
1373
1367
1377
1376
1375
1378
1377
1375
1379
1378
1375
1380
1379
1375
1383
1382
1381
1384
1383
1381
1387
1386
1385
1388
1387
1385
1391
1390
1389
1393
1395
1392
1395
1394
1392
1398
1397
1396
1399
1398
1396
1401
1403
1400
1403
1402
1400
1406
1405
1404
1407
1406
1404
1408
1407
1404
1411
1410
1409
1412
1411
1409
1413
1412
1409
1416
1415
1414
1417
1416
1414
1418
1417
1414
1421
1420
1419
1424
1423
1422
1425
1424
1422
1426
1425
1422
1427
1426
1422
1430
1429
1428
1431
1430
1428
1432
1431
1428
1433
1432
1428
1434
1433
1428
1435
1434
1428
1438
1437
1436
1439
1438
1436
1442
1441
1440
1443
1442
1440
1446
1445
1444
1447
1446
1444
1450
1449
1448
1451
1450
1448
1454
1453
1452
1455
1454
1452
1457
1459
1456
1459
1458
1456
1462
1461
1460
1464
1466
1463
1466
1465
1463
1469
1468
1467
1470
1469
1467
1471
1470
1467
1474
1473
1472
1475
1474
1472
1476
1475
1472
1477
1476
1472
1478
1477
1472
1479
1478
1472
1482
1481
1480
1483
1482
1480
1486
1485
1484
1487
1486
1484
1490
1489
1488
1491
1490
1488
1494
1493
1492
1495
1494
1492
1497
1499
1496
1499
1498
1496
1502
1501
1500
1503
1502
1500
1506
1505
1504
1507
1506
1504
1510
1509
1508
1511
1510
1508
1513
1515
1512
1515
1514
1512
1516
1517
1518
1516
1518
1519
1516
1519
1520
1522
1524
1521
1524
1523
1521
1527
1526
1525
1528
1527
1525
1529
1528
1525
1532
1531
1530
1533
1532
1530
1534
1533
1530
1537
1536
1535
1538
1537
1535
1539
1538
1535
1542
1541
1540
1543
1542
1540
1544
1543
1540
1547
1546
1545
1548
1547
1545
1551
1550
1549
1552
1551
1549
1555
1554
1553
1556
1555
1553
1559
1558
1557
1560
1559
1557
1561
1560
1557
1564
1563
1562
1565
1564
1562
1568
1567
1566
1569
1568
1566
1570
1569
1566
1573
1572
1571
1574
1573
1571
1577
1576
1575
1578
1577
1575
1579
1578
1575
1582
1581
1580
1583
1582
1580
1584
1583
1580
1587
1586
1585
1588
1587
1585
1589
1588
1585
1592
1591
1590
1593
1592
1590
1596
1595
1594
1597
1596
1594
1598
1597
1594
1601
1600
1599
1602
1601
1599
1605
1604
1603
1606
1605
1603
1607
1606
1603
1608
1607
1603
1611
1610
1609
1612
1611
1609
1613
1612
1609
1616
1615
1614
1617
1616
1614
1618
1617
1614
1621
1620
1619
1622
1621
1619
1623
1622
1619
1626
1625
1624
1627
1626
1624
1630
1629
1628
1631
1630
1628
1632
1631
1628
1635
1634
1633
1636
1635
1633
1637
1636
1633
1640
1639
1638
1641
1640
1638
1644
1643
1642
1645
1644
1642
1646
1645
1642
1649
1648
1647
1650
1649
1647
1653
1652
1651
1654
1653
1651
1655
1654
1651
1658
1657
1656
1659
1658
1656
1662
1661
1660
1663
1662
1660
1664
1663
1660
1667
1666
1665
1668
1667
1665
1671
1670
1669
1672
1671
1669
1675
1674
1673
1676
1675
1673
1679
1678
1677
1680
1679
1677
1683
1682
1681
1684
1683
1681
1685
1684
1681
1688
1687
1686
1689
1688
1686
1692
1691
1690
1693
1692
1690
1695
1697
1694
1697
1696
1694
1700
1699
1698
1701
1700
1698
1703
1705
1702
1705
1704
1702
1706
1707
1708
1706
1708
1709
1706
1709
1710
1711
1712
1713
1711
1713
1714
1711
1714
1715
1717
1719
1716
1719
1718
1716
1720
1721
1722
1720
1722
1723
1724
1725
1726
1724
1726
1727
1729
1731
1728
1731
1730
1728
1734
1733
1732
1735
1734
1732
1736
1735
1732
1737
1736
1732
1740
1739
1738
1741
1740
1738
1744
1743
1742
1745
1744
1742
1746
1745
1742
1748
1750
1747
1750
1749
1747
1751
1752
1753
1751
1753
1754
1756
1758
1755
1758
1757
1755
1759
1760
1761
1759
1761
1762
1763
1764
1765
1763
1765
1766
1767
1768
1769
1767
1769
1770
1767
1770
1771
1767
1771
1772
1774
1776
1773
1776
1775
1773
1777
1778
1779
1777
1779
1780
1781
1782
1783
1781
1783
1784
1786
1788
1785
1788
1787
1785
1789
1790
1791
1789
1791
1792
1789
1792
1793
1795
1797
1794
1797
1796
1794
1798
1799
1800
1798
1800
1801
1802
1803
1804
1802
1804
1805
1807
1809
1806
1809
1808
1806
1812
1811
1810
1813
1812
1810
1816
1815
1814
1817
1816
1814
1818
1817
1814
1821
1820
1819
1822
1821
1819
1825
1824
1823
1826
1825
1823
1829
1828
1827
1830
1829
1827
1831
1830
1827
1834
1833
1832
1835
1834
1832
1838
1837
1836
1839
1838
1836
1840
1839
1836
1841
1840
1836
1844
1843
1842
1845
1844
1842
1848
1847
1846
1849
1848
1846
1850
1849
1846
1851
1850
1846
1852
1851
1846
1855
1854
1853
1858
1857
1856
1859
1858
1856
1860
1859
1856
1863
1862
1861
1864
1863
1861
1865
1864
1861
1868
1867
1866
1869
1868
1866
1870
1869
1866
1873
1872
1871
1874
1873
1871
1875
1874
1871
1876
1875
1871
1877
1876
1871
1880
1879
1878
1881
1880
1878
1884
1883
1882
1885
1884
1882
1886
1885
1882
1889
1888
1887
1890
1889
1887
1891
1890
1887
1892
1891
1887
1895
1894
1893
1896
1895
1893
1899
1898
1897
1900
1899
1897
1903
1902
1901
1904
1903
1901
1907
1906
1905
1908
1907
1905
1909
1908
1905
1912
1911
1910
1913
1912
1910
1916
1915
1914
1917
1916
1914
1919
1921
1918
1921
1920
1918
1922
1923
1924
1922
1924
1925
1926
1927
1928
1926
1928
1929
1930
1931
1932
1933
1934
1935
1933
1935
1936
1937
1938
1939
1937
1939
1940
1942
1944
1941
1944
1943
1941
1945
1946
1947
1945
1947
1948
1945
1948
1949
1950
1951
1952
1950
1952
1953
1955
1957
1954
1957
1956
1954
1958
1959
1960
1958
1960
1961
1962
1963
1964
1962
1964
1965
1966
1967
1968
1966
1968
1969
1970
1971
1972
1970
1972
1973
1975
1977
1974
1977
1976
1974
1980
1979
1978
1981
1980
1978
1982
1981
1978
1985
1984
1983
1986
1985
1983
1987
1986
1983
1990
1989
1988
1991
1990
1988
1992
1991
1988
1993
1992
1988
1995
1997
1994
1997
1996
1994
2000
1999
1998
2001
2000
1998
2002
2001
1998
2003
2002
1998
2006
2005
2004
2007
2006
2004
2008
2007
2004
2010
2012
2009
2012
2011
2009
2013
2014
2015
2013
2015
2016
2018
2020
2017
2020
2019
2017
2021
2022
2023
2021
2023
2024
2025
2026
2027
2025
2027
2028
2029
2030
2031
2029
2031
2032
2034
2036
2033
2036
2035
2033
2037
2038
2039
2037
2039
2040
2042
2044
2041
2044
2043
2041
2045
2046
2047
2045
2047
2048
2045
2048
2049
2051
2053
2050
2053
2052
2050
2056
2055
2054
2057
2056
2054
2060
2059
2058
2061
2060
2058
2062
2061
2058
2063
2062
2058
2066
2065
2064
2067
2066
2064
2069
2071
2068
2071
2070
2068
2074
2073
2072
2075
2074
2072
2076
2075
2072
2079
2078
2077
2080
2079
2077
2081
2080
2077
2083
2085
2082
2085
2084
2082
2088
2087
2086
2091
2090
2089
2092
2091
2089
2093
2092
2089
2096
2095
2094
2097
2096
2094
2099
2101
2098
2101
2100
2098
2104
2103
2102
2105
2104
2102
2108
2107
2106
2109
2108
2106
2112
2111
2110
2113
2112
2110
2114
2113
2110
2115
2114
2110
2118
2117
2116
2119
2118
2116
2122
2121
2120
2123
2122
2120
2126
2125
2124
2127
2126
2124
2128
2127
2124
2129
2128
2124
2132
2131
2130
2133
2132
2130
2134
2133
2130
2135
2134
2130
2138
2137
2136
2139
2138
2136
2142
2141
2140
2143
2142
2140
2146
2145
2144
2147
2146
2144
2148
2147
2144
2151
2150
2149
2152
2151
2149
2155
2154
2153
2156
2155
2153
2157
2156
2153
2158
2157
2153
2159
2158
2153
2160
2159
2153
2163
2162
2161
2164
2163
2161
2167
2166
2165
2168
2167
2165
2169
2168
2165
2170
2169
2165
2173
2172
2171
2174
2173
2171
2175
2174
2171
2176
2175
2171
2179
2178
2177
2180
2179
2177
2181
2180
2177
2184
2183
2182
2185
2184
2182
2188
2187
2186
2189
2188
2186
2192
2191
2190
2193
2192
2190
2194
2193
2190
2197
2196
2195
2198
2197
2195
2201
2200
2199
2202
2201
2199
2205
2204
2203
2206
2205
2203
2209
2208
2207
2210
2209
2207
2213
2212
2211
2214
2213
2211
2217
2216
2215
2218
2217
2215
2219
2218
2215
2222
2221
2220
2223
2222
2220
2226
2225
2224
2227
2226
2224
2230
2229
2228
2231
2230
2228
2234
2233
2232
2235
2234
2232
2238
2237
2236
2239
2238
2236
2242
2241
2240
2243
2242
2240
2246
2245
2244
2247
2246
2244
2250
2249
2248
2251
2250
2248
2254
2253
2252
2255
2254
2252
2258
2257
2256
2259
2258
2256
2260
2259
2256
2263
2262
2261
2264
2263
2261
2267
2266
2265
2268
2267
2265
2269
2268
2265
2272
2271
2270
2273
2272
2270
2276
2275
2274
2277
2276
2274
2278
2277
2274
2279
2278
2274
2280
2279
2274
2281
2280
2274
2282
2281
2274
2283
2282
2274
2286
2285
2284
2287
2286
2284
2288
2287
2284
2291
2290
2289
2292
2291
2289
2295
2294
2293
2296
2295
2293
2299
2298
2297
2300
2299
2297
2301
2300
2297
2304
2303
2302
2305
2304
2302
2308
2307
2306
2309
2308
2306
2312
2311
2310
2313
2312
2310
2316
2315
2314
2317
2316
2314
2320
2319
2318
2321
2320
2318
2324
2323
2322
2325
2324
2322
2328
2327
2326
2329
2328
2326
2330
2329
2326
2331
2330
2326
2334
2333
2332
2337
2336
2335
2338
2337
2335
2339
2338
2335
2340
2339
2335
2343
2342
2341
2344
2343
2341
2347
2346
2345
2348
2347
2345
2350
2352
2349
2352
2351
2349
2353
2354
2355
2356
2357
2358
2356
2358
2359
2356
2359
2360
2356
2360
2361
2363
2365
2362
2365
2364
2362
2366
2367
2368
2366
2368
2369
2370
2371
2372
2370
2372
2373
2375
2377
2374
2377
2376
2374
2380
2379
2378
2381
2380
2378
2382
2381
2378
2385
2384
2383
2386
2385
2383
2389
2388
2387
2390
2389
2387
2393
2392
2391
2394
2393
2391
2397
2396
2395
2398
2397
2395
2399
2398
2395
2402
2401
2400
2403
2402
2400
2404
2403
2400
2407
2406
2405
2408
2407
2405
2411
2410
2409
2412
2411
2409
2415
2414
2413
2416
2415
2413
2419
2418
2417
2420
2419
2417
2423
2422
2421
2424
2423
2421
2427
2426
2425
2428
2427
2425
2431
2430
2429
2432
2431
2429
2435
2434
2433
2436
2435
2433
2439
2438
2437
2440
2439
2437
2441
2440
2437
2444
2443
2442
2445
2444
2442
2448
2447
2446
2449
2448
2446
2452
2451
2450
2453
2452
2450
2456
2455
2454
2457
2456
2454
2460
2459
2458
2461
2460
2458
2464
2463
2462
2465
2464
2462
2468
2467
2466
2469
2468
2466
2472
2471
2470
2473
2472
2470
2476
2475
2474
2477
2476
2474
2478
2477
2474
2481
2480
2479
2482
2481
2479
2483
2482
2479
2484
2483
2479
2487
2486
2485
2488
2487
2485
2491
2490
2489
2492
2491
2489
2495
2494
2493
2496
2495
2493
2499
2498
2497
2500
2499
2497
2503
2502
2501
2504
2503
2501
2507
2506
2505
2508
2507
2505
2509
2508
2505
2511
2513
2510
2513
2512
2510
2514
2515
2516
2514
2516
2517
2514
2517
2518
2514
2518
2519
2521
2523
2520
2523
2522
2520
2526
2525
2524
2527
2526
2524
2530
2529
2528
2531
2530
2528
2532
2531
2528
2535
2534
2533
2536
2535
2533
2539
2538
2537
2540
2539
2537
2543
2542
2541
2544
2543
2541
2547
2546
2545
2548
2547
2545
2551
2550
2549
2552
2551
2549
2555
2554
2553
2556
2555
2553
2559
2558
2557
2560
2559
2557
2562
2564
2561
2564
2563
2561
2565
2566
2567
2565
2567
2568
2570
2572
2569
2572
2571
2569
2575
2574
2573
2578
2577
2576
2579
2578
2576
2580
2579
2576
2583
2582
2581
2584
2583
2581
2587
2586
2585
2588
2587
2585
2589
2588
2585
2590
2589
2585
2593
2592
2591
2594
2593
2591
2597
2596
2595
2598
2597
2595
2601
2600
2599
2602
2601
2599
2604
2606
2603
2606
2605
2603
2607
2608
2609
2607
2609
2610
2611
2612
2613
2611
2613
2614
2611
2614
2615
2616
2617
2618
2616
2618
2619
2616
2619
2620
2616
2620
2621
2623
2625
2622
2625
2624
2622
2626
2627
2628
2626
2628
2629
2631
2633
2630
2633
2632
2630
2636
2635
2634
2637
2636
2634
2640
2639
2638
2641
2640
2638
2642
2641
2638
2645
2644
2643
2646
2645
2643
2649
2648
2647
2650
2649
2647
2651
2650
2647
2654
2653
2652
2655
2654
2652
2656
2655
2652
2659
2658
2657
2660
2659
2657
2661
2660
2657
2664
2663
2662
2665
2664
2662
2668
2667
2666
2669
2668
2666
2670
2669
2666
2671
2670
2666
2674
2673
2672
2675
2674
2672
2676
2675
2672
2679
2678
2677
2680
2679
2677
2681
2680
2677
2682
2681
2677
2685
2684
2683
2686
2685
2683
2689
2688
2687
2690
2689
2687
2693
2692
2691
2694
2693
2691
2697
2696
2695
2698
2697
2695
2699
2698
2695
2702
2701
2700
2704
2706
2703
2706
2705
2703
2707
2708
2709
2707
2709
2710
2707
2710
2711
2712
2713
2714
2712
2714
2715
2716
2717
2718
2716
2718
2719
2721
2723
2720
2723
2722
2720
2724
2725
2726
2724
2726
2727
2728
2729
2730
2728
2730
2731
2728
2731
2732
2734
2736
2733
2736
2735
2733
2737
2738
2739
2737
2739
2740
2742
2744
2741
2744
2743
2741
2745
2746
2747
2745
2747
2748
2749
2750
2751
2749
2751
2752
2749
2752
2753
2754
2755
2756
2754
2756
2757
2754
2757
2758
2754
2758
2759
2760
2761
2762
2763
2764
2765
2763
2765
2766
2763
2766
2767
2769
2771
2768
2771
2770
2768
2772
2773
2774
2772
2774
2775
2777
2779
2776
2779
2778
2776
2782
2781
2780
2783
2782
2780
2784
2783
2780
2787
2786
2785
2788
2787
2785
2789
2788
2785
2792
2791
2790
2793
2792
2790
2794
2793
2790
2797
2796
2795
2798
2797
2795
2801
2800
2799
2802
2801
2799
2805
2804
2803
2806
2805
2803
2807
2806
2803
2808
2807
2803
2809
2808
2803
2810
2809
2803
2811
2810
2803
2814
2813
2812
2815
2814
2812
2818
2817
2816
2819
2818
2816
2822
2821
2820
2823
2822
2820
2826
2825
2824
2827
2826
2824
2828
2827
2824
2829
2828
2824
2832
2831
2830
2833
2832
2830
2836
2835
2834
2837
2836
2834
2840
2839
2838
2841
2840
2838
2842
2841
2838
2843
2842
2838
2846
2845
2844
2847
2846
2844
2850
2849
2848
2851
2850
2848
2852
2851
2848
2853
2852
2848
2854
2853
2848
2857
2856
2855
2858
2857
2855
2859
2858
2855
2862
2861
2860
2863
2862
2860
2864
2863
2860
2867
2866
2865
2868
2867
2865
2869
2868
2865
2872
2871
2870
2875
2874
2873
2876
2875
2873
2877
2876
2873
2878
2877
2873
2879
2878
2873
2882
2881
2880
2883
2882
2880
2886
2885
2884
2887
2886
2884
2890
2889
2888
2891
2890
2888
2894
2893
2892
2895
2894
2892
2898
2897
2896
2899
2898
2896
2902
2901
2900
2903
2902
2900
2906
2905
2904
2907
2906
2904
2910
2909
2908
2911
2910
2908
2912
2911
2908
2915
2914
2913
2916
2915
2913
2917
2916
2913
2920
2919
2918
2921
2920
2918
2922
2921
2918
2925
2924
2923
2926
2925
2923
2929
2928
2927
2930
2929
2927
2931
2930
2927
2932
2931
2927
2935
2934
2933
2936
2935
2933
2939
2938
2937
2940
2939
2937
2943
2942
2941
2944
2943
2941
2945
2944
2941
2948
2947
2946
2949
2948
2946
2950
2949
2946
2953
2952
2951
2954
2953
2951
2957
2956
2955
2958
2957
2955
2961
2960
2959
2962
2961
2959
2965
2964
2963
2966
2965
2963
2969
2968
2967
2970
2969
2967
2973
2972
2971
2974
2973
2971
2977
2976
2975
2978
2977
2975
2981
2980
2979
2982
2981
2979
2983
2982
2979
2986
2985
2984
2987
2986
2984
2990
2989
2988
2991
2990
2988
2994
2993
2992
2995
2994
2992
2998
2997
2996
2999
2998
2996
3002
3001
3000
3003
3002
3000
3006
3005
3004
3007
3006
3004
3010
3009
3008
3011
3010
3008
3012
3011
3008
3013
3012
3008
3016
3015
3014
3017
3016
3014
3020
3019
3018
3021
3020
3018
3022
3021
3018
3025
3024
3023
3026
3025
3023
3029
3028
3027
3030
3029
3027
3033
3032
3031
3034
3033
3031
3037
3036
3035
3038
3037
3035
3041
3040
3039
3042
3041
3039
3045
3044
3043
3046
3045
3043
3047
3046
3043
3050
3049
3048
3051
3050
3048
3054
3053
3052
3055
3054
3052
3058
3057
3056
3059
3058
3056
3062
3061
3060
3063
3062
3060
3066
3065
3064
3067
3066
3064
3070
3069
3068
3071
3070
3068
3074
3073
3072
3075
3074
3072
3076
3075
3072
3079
3078
3077
3080
3079
3077
3083
3082
3081
3084
3083
3081
3087
3086
3085
3088
3087
3085
3091
3090
3089
3092
3091
3089
3095
3094
3093
3096
3095
3093
3097
3096
3093
3100
3099
3098
3101
3100
3098
3104
3103
3102
3105
3104
3102
3108
3107
3106
3109
3108
3106
3112
3111
3110
3113
3112
3110
3114
3113
3110
3115
3114
3110
3116
3115
3110
3117
3116
3110
3118
3117
3110
3121
3120
3119
3122
3121
3119
3123
3122
3119
3124
3123
3119
3127
3126
3125
3128
3127
3125
3131
3130
3129
3132
3131
3129
3133
3132
3129
3134
3133
3129
3137
3136
3135
3140
3139
3138
3141
3140
3138
3144
3143
3142
3145
3144
3142
3146
3145
3142
3149
3148
3147
3150
3149
3147
3151
3150
3147
3152
3151
3147
3153
3152
3147
3154
3153
3147
3157
3156
3155
3158
3157
3155
3159
3158
3155
3162
3161
3160
3163
3162
3160
3164
3163
3160
3167
3166
3165
3168
3167
3165
3171
3170
3169
3172
3171
3169
3173
3172
3169
3176
3175
3174
3177
3176
3174
3178
3177
3174
3181
3180
3179
3182
3181
3179
3185
3184
3183
3186
3185
3183
3187
3186
3183
3190
3189
3188
3191
3190
3188
3192
3191
3188
3195
3194
3193
3196
3195
3193
3199
3198
3197
3200
3199
3197
3202
3204
3201
3204
3203
3201
3205
3206
3207
3205
3207
3208
3205
3208
3209
3210
3211
3212
3210
3212
3213
3215
3217
3214
3217
3216
3214
3220
3219
3218
3221
3220
3218
3223
3225
3222
3225
3224
3222
3226
3227
3228
3226
3228
3229
3230
3231
3232
3230
3232
3233
3230
3233
3234
3230
3234
3235
3230
3235
3236
3237
3238
3239
3240
3241
3242
3244
3246
3243
3246
3245
3243
3249
3248
3247
3250
3249
3247
3251
3250
3247
3253
3255
3252
3255
3254
3252
3256
3257
3258
3256
3258
3259
3261
3263
3260
3263
3262
3260
3264
3265
3266
3264
3266
3267
3268
3269
3270
3268
3270
3271
3273
3275
3272
3275
3274
3272
3278
3277
3276
3279
3278
3276
3280
3279
3276
3283
3282
3281
3284
3283
3281
3285
3284
3281
3288
3287
3286
3289
3288
3286
3290
3289
3286
3291
3290
3286
3294
3293
3292
3297
3296
3295
3298
3297
3295
3299
3298
3295
3300
3299
3295
3301
3300
3295
3304
3303
3302
3305
3304
3302
3308
3307
3306
3309
3308
3306
3310
3309
3306
3313
3312
3311
3314
3313
3311
3315
3314
3311
3318
3317
3316
3319
3318
3316
3322
3321
3320
3323
3322
3320
3326
3325
3324
3328
3330
3327
3330
3329
3327
3331
3332
3333
3331
3333
3334
3331
3334
3335
3336
3337
3338
3336
3338
3339
3336
3339
3340
3341
3342
3343
3341
3343
3344
3341
3344
3345
3341
3345
3346
3348
3350
3347
3350
3349
3347
3351
3352
3353
3351
3353
3354
3356
3358
3355
3358
3357
3355
3359
3360
3361
3359
3361
3362
3359
3362
3363
3365
3367
3364
3367
3366
3364
3368
3369
3370
3368
3370
3371
3368
3371
3372
3373
3374
3375
3373
3375
3376
3377
3378
3379
3377
3379
3380
3382
3384
3381
3384
3383
3381
3385
3386
3387
3385
3387
3388
3390
3392
3389
3392
3391
3389
3393
3394
3395
3393
3395
3396
3397
3398
3399
3397
3399
3400
3402
3404
3401
3404
3403
3401
3405
3406
3407
3405
3407
3408
3410
3412
3409
3412
3411
3409
3413
3414
3415
3413
3415
3416
3417
3418
3419
3417
3419
3420
3421
3422
3423
3421
3423
3424
3421
3424
3425
3421
3425
3426
3421
3426
3427
3428
3429
3430
3428
3430
3431
3432
3433
3434
3436
3438
3435
3438
3437
3435
3441
3440
3439
3442
3441
3439
3443
3442
3439
3444
3443
3439
3445
3444
3439
3446
3445
3439
3449
3448
3447
3450
3449
3447
3451
3450
3447
3454
3453
3452
3455
3454
3452
3458
3457
3456
3459
3458
3456
3460
3459
3456
3463
3462
3461
3464
3463
3461
3465
3464
3461
3468
3467
3466
3469
3468
3466
3472
3471
3470
3473
3472
3470
3476
3475
3474
3477
3476
3474
3479
3481
3478
3481
3480
3478
3484
3483
3482
3485
3484
3482
3488
3487
3486
3489
3488
3486
3492
3491
3490
3493
3492
3490
3494
3493
3490
3495
3494
3490
3496
3495
3490
3499
3498
3497
3500
3499
3497
3503
3502
3501
3504
3503
3501
3505
3504
3501
3508
3507
3506
3509
3508
3506
3510
3509
3506
3513
3512
3511
3514
3513
3511
3517
3516
3515
3518
3517
3515
3521
3520
3519
3522
3521
3519
3525
3524
3523
3526
3525
3523
3527
3526
3523
3529
3531
3528
3531
3530
3528
3532
3533
3534
3532
3534
3535
3536
3537
3538
3536
3538
3539
3541
3543
3540
3543
3542
3540
3546
3545
3544
3547
3546
3544
3550
3549
3548
3551
3550
3548
3552
3551
3548
3553
3552
3548
3556
3555
3554
3557
3556
3554
3560
3559
3558
3563
3562
3561
3564
3563
3561
3566
3568
3565
3568
3567
3565
3569
3570
3571
3569
3571
3572
3573
3574
3575
3573
3575
3576
3573
3576
3577
3579
3581
3578
3581
3580
3578
3584
3583
3582
3585
3584
3582
3586
3585
3582
3589
3588
3587
3590
3589
3587
3593
3592
3591
3594
3593
3591
3595
3594
3591
3598
3597
3596
3599
3598
3596
3600
3599
3596
3601
3600
3596
3602
3601
3596
3605
3604
3603
3606
3605
3603
3607
3606
3603
3610
3609
3608
3611
3610
3608
3614
3613
3612
3615
3614
3612
3616
3615
3612
3617
3616
3612
3618
3617
3612
3621
3620
3619
3622
3621
3619
3623
3622
3619
3624
3623
3619
3627
3626
3625
3628
3627
3625
3631
3630
3629
3632
3631
3629
3635
3634
3633
3636
3635
3633
3637
3636
3633
3640
3639
3638
3643
3642
3641
3644
3643
3641
3645
3644
3641
3646
3645
3641
3649
3648
3647
3652
3651
3650
3653
3652
3650
3654
3653
3650
3657
3656
3655
3658
3657
3655
3659
3658
3655
3662
3661
3660
3663
3662
3660
3666
3665
3664
3667
3666
3664
3668
3667
3664
3671
3670
3669
3672
3671
3669
3675
3674
3673
3676
3675
3673
3677
3676
3673
3680
3679
3678
3681
3680
3678
3684
3683
3682
3685
3684
3682
3686
3685
3682
3687
3686
3682
3688
3687
3682
3691
3690
3689
3692
3691
3689
3693
3692
3689
3696
3695
3694
3697
3696
3694
3698
3697
3694
3701
3700
3699
3702
3701
3699
3703
3702
3699
3706
3705
3704
3707
3706
3704
3710
3709
3708
3711
3710
3708
3714
3713
3712
3715
3714
3712
3716
3715
3712
3717
3716
3712
3720
3719
3718
3721
3720
3718
3722
3721
3718
3725
3724
3723
3726
3725
3723
3729
3728
3727
3730
3729
3727
3731
3730
3727
3734
3733
3732
3737
3736
3735
3738
3737
3735
3741
3740
3739
3742
3741
3739
3743
3742
3739
3746
3745
3744
3747
3746
3744
3748
3747
3744
3751
3750
3749
3752
3751
3749
3755
3754
3753
3756
3755
3753
3759
3758
3757
3760
3759
3757
3761
3760
3757
3762
3761
3757
3763
3762
3757
3766
3765
3764
3767
3766
3764
3770
3769
3768
3771
3770
3768
3774
3773
3772
3775
3774
3772
3778
3777
3776
3779
3778
3776
3781
3783
3780
3783
3782
3780
3784
3785
3786
3784
3786
3787
3789
3791
3788
3791
3790
3788
3794
3793
3792
3795
3794
3792
3798
3797
3796
3799
3798
3796
3801
3803
3800
3803
3802
3800
3806
3805
3804
3807
3806
3804
3810
3809
3808
3811
3810
3808
3812
3811
3808
3815
3814
3813
3816
3815
3813
3819
3818
3817
3820
3819
3817
3823
3822
3821
3824
3823
3821
3825
3824
3821
3828
3827
3826
3829
3828
3826
3830
3829
3826
3833
3832
3831
3834
3833
3831
3837
3836
3835
3838
3837
3835
3841
3840
3839
3842
3841
3839
3845
3844
3843
3846
3845
3843
3849
3848
3847
3850
3849
3847
3851
3850
3847
3853
3855
3852
3855
3854
3852
3856
3857
3858
3856
3858
3859
3860
3861
3862
3860
3862
3863
3860
3863
3864
3866
3868
3865
3868
3867
3865
3869
3870
3871
3869
3871
3872
3873
3874
3875
3873
3875
3876
3877
3878
3879
3877
3879
3880
3877
3880
3881
3877
3881
3882
3883
3884
3885
3883
3885
3886
3888
3890
3887
3890
3889
3887
3891
3892
3893
3891
3893
3894
3891
3894
3895
3896
3897
3898
3896
3898
3899
3896
3899
3900
3901
3902
3903
3901
3903
3904
3905
3906
3907
3905
3907
3908
3905
3908
3909
3911
3913
3910
3913
3912
3910
3914
3915
3916
3914
3916
3917
3919
3921
3918
3921
3920
3918
3922
3923
3924
3922
3924
3925
3922
3925
3926
3922
3926
3927
3929
3931
3928
3931
3930
3928
3934
3933
3932
3935
3934
3932
3938
3937
3936
3939
3938
3936
3942
3941
3940
3943
3942
3940
3946
3945
3944
3947
3946
3944
3948
3947
3944
3951
3950
3949
3952
3951
3949
3953
3952
3949
3954
3953
3949
3957
3956
3955
3958
3957
3955
3961
3960
3959
3962
3961
3959
3965
3964
3963
3966
3965
3963
3969
3968
3967
3970
3969
3967
3972
3974
3971
3974
3973
3971
3975
3976
3977
3975
3977
3978
3975
3978
3979
3981
3983
3980
3983
3982
3980
3986
3985
3984
3987
3986
3984
3988
3987
3984
3991
3990
3989
3992
3991
3989
3993
3992
3989
3996
3995
3994
3997
3996
3994
3998
3997
3994
3999
3998
3994
4002
4001
4000
4003
4002
4000
4004
4003
4000
4007
4006
4005
4008
4007
4005
4011
4010
4009
4012
4011
4009
4013
4012
4009
4014
4013
4009
4017
4016
4015
4018
4017
4015
4021
4020
4019
4022
4021
4019
4025
4024
4023
4026
4025
4023
4027
4026
4023
4029
4031
4028
4031
4030
4028
4034
4033
4032
4035
4034
4032
4036
4035
4032
4039
4038
4037
4040
4039
4037
4043
4042
4041
4044
4043
4041
4047
4046
4045
4048
4047
4045
4051
4050
4049
4052
4051
4049
4055
4054
4053
4056
4055
4053
4059
4058
4057
4060
4059
4057
4061
4060
4057
4064
4063
4062
4065
4064
4062
4068
4067
4066
4069
4068
4066
4070
4069
4066
4073
4072
4071
4074
4073
4071
4077
4076
4075
4078
4077
4075
4081
4080
4079
4082
4081
4079
4085
4084
4083
4086
4085
4083
4089
4088
4087
4090
4089
4087
4093
4092
4091
4094
4093
4091
4095
4094
4091
4097
4099
4096
4099
4098
4096
4102
4101
4100
4103
4102
4100
4106
4105
4104
4107
4106
4104
4110
4109
4108
4111
4110
4108
4114
4113
4112
4115
4114
4112
4116
4115
4112
4119
4118
4117
4120
4119
4117
4123
4122
4121
4124
4123
4121
4127
4126
4125
4128
4127
4125
4130
4132
4129
4132
4131
4129
4135
4134
4133
4136
4135
4133
4139
4138
4137
4140
4139
4137
4143
4142
4141
4144
4143
4141
4146
4148
4145
4148
4147
4145
4151
4150
4149
4152
4151
4149
4153
4152
4149
4154
4153
4149
4155
4154
4149
4156
4155
4149
4159
4158
4157
4160
4159
4157
4163
4162
4161
4164
4163
4161
4165
4164
4161
4168
4167
4166
4169
4168
4166
4171
4173
4170
4173
4172
4170
4174
4175
4176
4174
4176
4177
4174
4177
4178
4179
4180
4181
4183
4185
4182
4185
4184
4182
4188
4187
4186
4189
4188
4186
4192
4191
4190
4193
4192
4190
4194
4193
4190
4195
4194
4190
4196
4195
4190
4199
4198
4197
4200
4199
4197
4203
4202
4201
4204
4203
4201
4207
4206
4205
4208
4207
4205
4209
4208
4205
4212
4211
4210
4213
4212
4210
4216
4215
4214
4217
4216
4214
4218
4217
4214
4219
4218
4214
4220
4219
4214
4221
4220
4214
4222
4221
4214
4225
4224
4223
4226
4225
4223
4227
4226
4223
4230
4229
4228
4231
4230
4228
4234
4233
4232
4235
4234
4232
4238
4237
4236
4239
4238
4236
4240
4239
4236
4243
4242
4241
4244
4243
4241
4247
4246
4245
4248
4247
4245
4249
4248
4245
4252
4251
4250
4253
4252
4250
4256
4255
4254
4257
4256
4254
4260
4259
4258
4261
4260
4258
4264
4263
4262
4265
4264
4262
4266
4265
4262
4269
4268
4267
4270
4269
4267
4273
4272
4271
4274
4273
4271
4277
4276
4275
4278
4277
4275
4281
4280
4279
4282
4281
4279
4283
4282
4279
4286
4285
4284
4287
4286
4284
4290
4289
4288
4291
4290
4288
4294
4293
4292
4295
4294
4292
4298
4297
4296
4299
4298
4296
4302
4301
4300
4303
4302
4300
4306
4305
4304
4307
4306
4304
4308
4307
4304
4311
4310
4309
4312
4311
4309
4315
4314
4313
4316
4315
4313
4317
4316
4313
4318
4317
4313
4319
4318
4313
4322
4321
4320
4323
4322
4320
4326
4325
4324
4327
4326
4324
4328
4327
4324
4329
4328
4324
4332
4331
4330
4333
4332
4330
4336
4335
4334
4337
4336
4334
4338
4337
4334
4339
4338
4334
4340
4339
4334
4341
4340
4334
4342
4341
4334
4343
4342
4334
4344
4343
4334
4347
4346
4345
4348
4347
4345
4351
4350
4349
4352
4351
4349
4355
4354
4353
4356
4355
4353
4359
4358
4357
4360
4359
4357
4363
4362
4361
4364
4363
4361
4367
4366
4365
4368
4367
4365
4371
4370
4369
4372
4371
4369
4375
4374
4373
4376
4375
4373
4379
4378
4377
4380
4379
4377
4383
4382
4381
4384
4383
4381
4387
4386
4385
4388
4387
4385
4391
4390
4389
4392
4391
4389
4395
4394
4393
4396
4395
4393
4399
4398
4397
4400
4399
4397
4401
4400
4397
4404
4403
4402
4405
4404
4402
4408
4407
4406
4409
4408
4406
4410
4409
4406
4413
4412
4411
4414
4413
4411
4415
4414
4411
4418
4417
4416
4419
4418
4416
4420
4419
4416
4423
4422
4421
4424
4423
4421
4427
4426
4425
4428
4427
4425
4431
4430
4429
4432
4431
4429
4433
4432
4429
4434
4433
4429
4435
4434
4429
4438
4437
4436
4439
4438
4436
4442
4441
4440
4443
4442
4440
4444
4443
4440
4447
4446
4445
4448
4447
4445
4449
4448
4445
4452
4451
4450
4453
4452
4450
4454
4453
4450
4455
4454
4450
4458
4457
4456
4459
4458
4456
4460
4459
4456
4461
4460
4456
4463
4465
4462
4465
4464
4462
4468
4467
4466
4469
4468
4466
4470
4469
4466
4471
4470
4466
4474
4473
4472
4475
4474
4472
4476
4475
4472
4479
4478
4477
4480
4479
4477
4483
4482
4481
4484
4483
4481
4487
4486
4485
4488
4487
4485
4491
4490
4489
4492
4491
4489
4495
4494
4493
4496
4495
4493
4499
4498
4497
4500
4499
4497
4503
4502
4501
4504
4503
4501
4507
4506
4505
4508
4507
4505
4509
4508
4505
4512
4511
4510
4513
4512
4510
4516
4515
4514
4517
4516
4514
4520
4519
4518
4521
4520
4518
4522
4521
4518
4525
4524
4523
4526
4525
4523
4529
4528
4527
4530
4529
4527
4533
4532
4531
4534
4533
4531
4537
4536
4535
4538
4537
4535
4541
4540
4539
4542
4541
4539
4545
4544
4543
4546
4545
4543
4547
4546
4543
4549
4551
4548
4551
4550
4548
4554
4553
4552
4555
4554
4552
4556
4555
4552
4557
4556
4552
4560
4559
4558
4562
4564
4561
4564
4563
4561
4565
4566
4567
4565
4567
4568
4565
4568
4569
4570
4571
4572
4570
4572
4573
4570
4573
4574
4575
4576
4577
4575
4577
4578
4575
4578
4579
4580
4581
4582
4580
4582
4583
4584
4585
4586
4584
4586
4587
4584
4587
4588
4590
4592
4589
4592
4591
4589
4595
4594
4593
4596
4595
4593
4599
4598
4597
4600
4599
4597
4602
4604
4601
4604
4603
4601
4605
4606
4607
4608
4609
4610
4608
4610
4611
4613
4615
4612
4615
4614
4612
4616
4617
4618
4616
4618
4619
4620
4621
4622
4620
4622
4623
4620
4623
4624
4625
4626
4627
4625
4627
4628
4629
4630
4631
4629
4631
4632
4634
4636
4633
4636
4635
4633
4639
4638
4637
4640
4639
4637
4641
4640
4637
4643
4645
4642
4645
4644
4642
4648
4647
4646
4649
4648
4646
4650
4649
4646
4651
4650
4646
4653
4655
4652
4655
4654
4652
4656
4657
4658
4656
4658
4659
4656
4659
4660
4662
4664
4661
4664
4663
4661
4667
4666
4665
4668
4667
4665
4670
4672
4669
4672
4671
4669
4675
4674
4673
4676
4675
4673
4679
4678
4677
4680
4679
4677
4683
4682
4681
4684
4683
4681
4685
4684
4681
4688
4687
4686
4689
4688
4686
4692
4691
4690
4693
4692
4690
4694
4693
4690
4697
4696
4695
4698
4697
4695
4701
4700
4699
4702
4701
4699
4703
4702
4699
4704
4703
4699
4705
4704
4699
4708
4707
4706
4709
4708
4706
4712
4711
4710
4713
4712
4710
4714
4713
4710
4715
4714
4710
4716
4715
4710
4717
4716
4710
4720
4719
4718
4721
4720
4718
4724
4723
4722
4725
4724
4722
4726
4725
4722
4727
4726
4722
4730
4729
4728
4731
4730
4728
4732
4731
4728
4733
4732
4728
4736
4735
4734
4737
4736
4734
4740
4739
4738
4741
4740
4738
4742
4741
4738
4745
4744
4743
4746
4745
4743
4747
4746
4743
4750
4749
4748
4751
4750
4748
4752
4751
4748
4755
4754
4753
4756
4755
4753
4759
4758
4757
4760
4759
4757
4761
4760
4757
4762
4761
4757
4763
4762
4757
4766
4765
4764
4769
4768
4767
4770
4769
4767
4771
4770
4767
4774
4773
4772
4775
4774
4772
4778
4777
4776
4779
4778
4776
4780
4779
4776
4781
4780
4776
4782
4781
4776
4785
4784
4783
4786
4785
4783
4789
4788
4787
4790
4789
4787
4793
4792
4791
4794
4793
4791
4797
4796
4795
4798
4797
4795
4799
4798
4795
4800
4799
4795
4801
4800
4795
4804
4803
4802
4805
4804
4802
4806
4805
4802
4807
4806
4802
4808
4807
4802
4809
4808
4802
4812
4811
4810
4815
4814
4813
4816
4815
4813
4817
4816
4813
4820
4819
4818
4821
4820
4818
4822
4821
4818
4823
4822
4818
4826
4825
4824
4827
4826
4824
4828
4827
4824
4831
4830
4829
4832
4831
4829
4835
4834
4833
4838
4837
4836
4839
4838
4836
4840
4839
4836
4841
4840
4836
4844
4843
4842
4845
4844
4842
4846
4845
4842
4849
4848
4847
4850
4849
4847
4851
4850
4847
4854
4853
4852
4857
4856
4855
4858
4857
4855
4859
4858
4855
4862
4861
4860
4863
4862
4860
4866
4865
4864
4867
4866
4864
4868
4867
4864
4869
4868
4864
4872
4871
4870
4873
4872
4870
4876
4875
4874
4879
4878
4877
4880
4879
4877
4883
4882
4881
4884
4883
4881
4887
4886
4885
4888
4887
4885
4889
4888
4885
4890
4889
4885
4893
4892
4891
4894
4893
4891
4895
4894
4891
4898
4897
4896
4899
4898
4896
4900
4899
4896
4903
4902
4901
4906
4905
4904
4907
4906
4904
4910
4909
4908
4913
4912
4911
4914
4913
4911
4915
4914
4911
4916
4915
4911
4919
4918
4917
4920
4919
4917
4921
4920
4917
4924
4923
4922
4925
4924
4922
4926
4925
4922
4929
4928
4927
4930
4929
4927
4931
4930
4927
4932
4931
4927
4935
4934
4933
4936
4935
4933
4937
4936
4933
4940
4939
4938
4941
4940
4938
4942
4941
4938
4943
4942
4938
4946
4945
4944
4947
4946
4944
4950
4949
4948
4951
4950
4948
4952
4951
4948
4955
4954
4953
4956
4955
4953
4957
4956
4953
4960
4959
4958
4961
4960
4958
4962
4961
4958
4963
4962
4958
4966
4965
4964
4968
4970
4967
4970
4969
4967
4971
4972
4973
4971
4973
4974
4971
4974
4975
4971
4975
4976
4971
4976
4977
4978
4979
4980
4978
4980
4981
4983
4985
4982
4985
4984
4982
4986
4987
4988
4986
4988
4989
4986
4989
4990
4986
4990
4991
4992
4993
4994
4992
4994
4995
4997
4999
4996
4999
4998
4996
5000
5001
5002
5000
5002
5003
5004
5005
5006
5004
5006
5007
5009
5011
5008
5011
5010
5008
5014
5013
5012
5015
5014
5012
5018
5017
5016
5019
5018
5016
5022
5021
5020
5023
5022
5020
5024
5023
5020
5025
5024
5020
5028
5027
5026
5029
5028
5026
5030
5029
5026
5033
5032
5031
5034
5033
5031
5036
5038
5035
5038
5037
5035
5039
5040
5041
5039
5041
5042
5044
5046
5043
5046
5045
5043
5047
5048
5049
5047
5049
5050
5051
5052
5053
5051
5053
5054
5056
5058
5055
5058
5057
5055
5059
5060
5061
5062
5063
5064
5062
5064
5065
5062
5065
5066
5062
5066
5067
5068
5069
5070
5068
5070
5071
5072
5073
5074
5072
5074
5075
5072
5075
5076
5072
5076
5077
5072
5077
5078
5072
5078
5079
5080
5081
5082
5080
5082
5083
5080
5083
5084
5080
5084
5085
5086
5087
5088
5086
5088
5089
5090
5091
5092
5090
5092
5093
5090
5093
5094
5095
5096
5097
5095
5097
5098
5099
5100
5101
5099
5101
5102
5099
5102
5103
5099
5103
5104
5099
5104
5105
5106
5107
5108
5106
5108
5109
5110
5111
5112
5110
5112
5113
5110
5113
5114
5116
5118
5115
5118
5117
5115
5121
5120
5119
5122
5121
5119
5125
5124
5123
5126
5125
5123
5127
5126
5123
5128
5127
5123
5131
5130
5129
5132
5131
5129
5135
5134
5133
5136
5135
5133
5139
5138
5137
5140
5139
5137
5142
5144
5141
5144
5143
5141
5145
5146
5147
5145
5147
5148
5145
5148
5149
5151
5153
5150
5153
5152
5150
5154
5155
5156
5154
5156
5157
5158
5159
5160
5158
5160
5161
5158
5161
5162
5158
5162
5163
5164
5165
5166
5167
5168
5169
5167
5169
5170
5167
5170
5171
5173
5175
5172
5175
5174
5172
5178
5177
5176
5179
5178
5176
5180
5179
5176
5183
5182
5181
5184
5183
5181
5187
5186
5185
5188
5187
5185
5191
5190
5189
5194
5193
5192
5195
5194
5192
5198
5197
5196
5201
5200
5199
5202
5201
5199
5203
5202
5199
5204
5203
5199
5205
5204
5199
5208
5207
5206
5211
5210
5209
5212
5211
5209
5215
5214
5213
5216
5215
5213
5217
5216
5213
5218
5217
5213
5221
5220
5219
5222
5221
5219
5225
5224
5223
5226
5225
5223
5227
5226
5223
5230
5229
5228
5231
5230
5228
5234
5233
5232
5235
5234
5232
5238
5237
5236
5241
5240
5239
5242
5241
5239
5243
5242
5239
5244
5243
5239
5247
5246
5245
5248
5247
5245
5251
5250
5249
5252
5251
5249
5253
5252
5249
5254
5253
5249
5257
5256
5255
5258
5257
5255
5259
5258
5255
5262
5261
5260
5265
5264
5263
5266
5265
5263
5267
5266
5263
5268
5267
5263
5269
5268
5263
5272
5271
5270
5275
5274
5273
5276
5275
5273
5277
5276
5273
5278
5277
5273
5281
5280
5279
5282
5281
5279
5285
5284
5283
5286
5285
5283
5287
5286
5283
5288
5287
5283
5291
5290
5289
5292
5291
5289
5293
5292
5289
5294
5293
5289
5297
5296
5295
5300
5299
5298
5301
5300
5298
5302
5301
5298
5303
5302
5298
5306
5305
5304
5307
5306
5304
5308
5307
5304
5311
5310
5309
5312
5311
5309
5313
5312
5309
5314
5313
5309
5317
5316
5315
5318
5317
5315
5321
5320
5319
5322
5321
5319
5325
5324
5323
5326
5325
5323
5327
5326
5323
5328
5327
5323
5329
5328
5323
5330
5329
5323
5333
5332
5331
5334
5333
5331
5337
5336
5335
5338
5337
5335
5339
5338
5335
5342
5341
5340
5343
5342
5340
5344
5343
5340
5345
5344
5340
5346
5345
5340
5347
5346
5340
5350
5349
5348
5351
5350
5348
5354
5353
5352
5355
5354
5352
5358
5357
5356
5359
5358
5356
5360
5359
5356
5363
5362
5361
5364
5363
5361
5365
5364
5361
5368
5367
5366
5369
5368
5366
5370
5369
5366
5371
5370
5366
5372
5371
5366
5375
5374
5373
5378
5377
5376
5379
5378
5376
5380
5379
5376
5383
5382
5381
5384
5383
5381
5387
5386
5385
5388
5387
5385
5391
5390
5389
5392
5391
5389
5393
5392
5389
5396
5395
5394
5397
5396
5394
5400
5399
5398
5401
5400
5398
5402
5401
5398
5403
5402
5398
5404
5403
5398
5407
5406
5405
5408
5407
5405
5411
5410
5409
5412
5411
5409
5415
5414
5413
5416
5415
5413
5419
5418
5417
5420
5419
5417
5421
5420
5417
5422
5421
5417
5425
5424
5423
5426
5425
5423
5427
5426
5423
5428
5427
5423
5429
5428
5423
5432
5431
5430
5433
5432
5430
5436
5435
5434
5437
5436
5434
5440
5439
5438
5441
5440
5438
5444
5443
5442
5445
5444
5442
5446
5445
5442
5447
5446
5442
5450
5449
5448
5453
5452
5451
5454
5453
5451
5455
5454
5451
5456
5455
5451
5457
5456
5451
5460
5459
5458
5461
5460
5458
5464
5463
5462
5467
5466
5465
5468
5467
5465
5469
5468
5465
5472
5471
5470
5473
5472
5470
5476
5475
5474
5477
5476
5474
5480
5479
5478
5481
5480
5478
5482
5481
5478
5485
5484
5483
5486
5485
5483
5489
5488
5487
5490
5489
5487
5493
5492
5491
5494
5493
5491
5497
5496
5495
5498
5497
5495
5499
5498
5495
5502
5501
5500
5503
5502
5500
5506
5505
5504
5507
5506
5504
5508
5507
5504
5511
5510
5509
5514
5513
5512
5515
5514
5512
5518
5517
5516
5519
5518
5516
5520
5519
5516
5523
5522
5521
5524
5523
5521
5525
5524
5521
5528
5527
5526
5529
5528
5526
5530
5529
5526
5531
5530
5526
5532
5531
5526
5535
5534
5533
5536
5535
5533
5539
5538
5537
5540
5539
5537
5541
5540
5537
5544
5543
5542
5545
5544
5542
5548
5547
5546
5549
5548
5546
5550
5549
5546
5553
5552
5551
5554
5553
5551
5557
5556
5555
5558
5557
5555
5561
5560
5559
5562
5561
5559
5563
5562
5559
5564
5563
5559
5567
5566
5565
5568
5567
5565
5571
5570
5569
5572
5571
5569
5575
5574
5573
5578
5577
5576
5581
5580
5579
5582
5581
5579
5585
5584
5583
5586
5585
5583
5587
5586
5583
5590
5589
5588
5591
5590
5588
5592
5591
5588
5595
5594
5593
5596
5595
5593
5599
5598
5597
5600
5599
5597
5601
5600
5597
5602
5601
5597
5605
5604
5603
5606
5605
5603
5609
5608
5607
5610
5609
5607
5613
5612
5611
5614
5613
5611
5617
5616
5615
5618
5617
5615
5619
5618
5615
5622
5621
5620
5623
5622
5620
5626
5625
5624
5627
5626
5624
5630
5629
5628
5631
5630
5628
5634
5633
5632
5635
5634
5632
5636
5635
5632
5639
5638
5637
5642
5641
5640
5643
5642
5640
5646
5645
5644
5647
5646
5644
5648
5647
5644
5651
5650
5649
5652
5651
5649
5655
5654
5653
5656
5655
5653
5657
5656
5653
5660
5659
5658
5661
5660
5658
5664
5663
5662
5665
5664
5662
5668
5667
5666
5671
5670
5669
5672
5671
5669
5675
5674
5673
5676
5675
5673
5677
5676
5673
5680
5679
5678
5681
5680
5678
5682
5681
5678
5685
5684
5683
5688
5687
5686
5689
5688
5686
5692
5691
5690
5693
5692
5690
5694
5693
5690
5697
5696
5695
5698
5697
5695
5701
5700
5699
5702
5701
5699
5704
5706
5703
5706
5705
5703
5707
5708
5709
5710
5711
5712
5710
5712
5713
5714
5715
5716
5714
5716
5717
5719
5721
5718
5721
5720
5718
5722
5723
5724
5722
5724
5725
5722
5725
5726
5727
5728
5729
5727
5729
5730
5731
5732
5733
5735
5737
5734
5737
5736
5734
5740
5739
5738
5742
5744
5741
5744
5743
5741
5745
5746
5747
5745
5747
5748
5749
5750
5751
5749
5751
5752
5753
5754
5755
5753
5755
5756
5753
5756
5757
5759
5761
5758
5761
5760
5758
5764
5763
5762
5765
5764
5762
5766
5765
5762
5767
5766
5762
5770
5769
5768
5771
5770
5768
5774
5773
5772
5775
5774
5772
5778
5777
5776
5779
5778
5776
5782
5781
5780
5783
5782
5780
5786
5785
5784
5787
5786
5784
5788
5787
5784
5789
5788
5784
5792
5791
5790
5793
5792
5790
5796
5795
5794
5797
5796
5794
5800
5799
5798
5801
5800
5798
5804
5803
5802
5805
5804
5802
5806
5805
5802
5809
5808
5807
5810
5809
5807
5813
5812
5811
5814
5813
5811
5817
5816
5815
5818
5817
5815
5821
5820
5819
5822
5821
5819
5825
5824
5823
5826
5825
5823
5827
5826
5823
5830
5829
5828
5831
5830
5828
5834
5833
5832
5835
5834
5832
5836
5835
5832
5839
5838
5837
5840
5839
5837
5843
5842
5841
5844
5843
5841
5845
5844
5841
5848
5847
5846
5849
5848
5846
5852
5851
5850
5853
5852
5850
5856
5855
5854
5857
5856
5854
5860
5859
5858
5861
5860
5858
5864
5863
5862
5865
5864
5862
5868
5867
5866
5869
5868
5866
5872
5871
5870
5873
5872
5870
5874
5873
5870
5877
5876
5875
5878
5877
5875
5881
5880
5879
5882
5881
5879
5885
5884
5883
5886
5885
5883
5887
5886
5883
5890
5889
5888
5891
5890
5888
5894
5893
5892
5895
5894
5892
5896
5895
5892
5899
5898
5897
5900
5899
5897
5901
5900
5897
5904
5903
5902
5905
5904
5902
5906
5905
5902
5909
5908
5907
5910
5909
5907
5913
5912
5911
5914
5913
5911
5917
5916
5915
5918
5917
5915
5921
5920
5919
5922
5921
5919
5925
5924
5923
5926
5925
5923
5929
5928
5927
5930
5929
5927
5933
5932
5931
5934
5933
5931
5937
5936
5935
5938
5937
5935
5939
5938
5935
5942
5941
5940
5943
5942
5940
5946
5945
5944
5947
5946
5944
5950
5949
5948
5951
5950
5948
5954
5953
5952
5955
5954
5952
5958
5957
5956
5959
5958
5956
5960
5959
5956
5963
5962
5961
5964
5963
5961
5967
5966
5965
5968
5967
5965
5971
5970
5969
5972
5971
5969
5975
5974
5973
5976
5975
5973
5979
5978
5977
5980
5979
5977
5981
5980
5977
5984
5983
5982
5985
5984
5982
5988
5987
5986
5989
5988
5986
5990
5989
5986
5993
5992
5991
5994
5993
5991
5997
5996
5995
5998
5997
5995
6001
6000
5999
6002
6001
5999
6005
6004
6003
6006
6005
6003
6007
6006
6003
6008
6007
6003
6011
6010
6009
6012
6011
6009
6015
6014
6013
6016
6015
6013
6017
6016
6013
6018
6017
6013
6021
6020
6019
6022
6021
6019
6025
6024
6023
6026
6025
6023
6029
6028
6027
6030
6029
6027
6033
6032
6031
6034
6033
6031
6037
6036
6035
6038
6037
6035
6041
6040
6039
6042
6041
6039
6045
6044
6043
6046
6045
6043
6049
6048
6047
6050
6049
6047
6053
6052
6051
6054
6053
6051
6057
6056
6055
6058
6057
6055
6061
6060
6059
6062
6061
6059
6065
6064
6063
6066
6065
6063
6067
6066
6063
6070
6069
6068
6071
6070
6068
6072
6071
6068
6075
6074
6073
6076
6075
6073
6079
6078
6077
6080
6079
6077
6083
6082
6081
6084
6083
6081
6085
6084
6081
6088
6087
6086
6089
6088
6086
6090
6089
6086
6093
6092
6091
6094
6093
6091
6095
6094
6091
6098
6097
6096
6099
6098
6096
6100
6099
6096
6101
6100
6096
6104
6103
6102
6105
6104
6102
6108
6107
6106
6109
6108
6106
6112
6111
6110
6113
6112
6110
6116
6115
6114
6117
6116
6114
6120
6119
6118
6121
6120
6118
6122
6121
6118
6123
6122
6118
6126
6125
6124
6129
6128
6127
6130
6129
6127
6131
6130
6127
6132
6131
6127
6133
6132
6127
6136
6135
6134
6137
6136
6134
6140
6139
6138
6141
6140
6138
6144
6143
6142
6145
6144
6142
6148
6147
6146
6149
6148
6146
6152
6151
6150
6153
6152
6150
6156
6155
6154
6157
6156
6154
6160
6159
6158
6161
6160
6158
6164
6163
6162
6165
6164
6162
6166
6165
6162
6167
6166
6162
6170
6169
6168
6171
6170
6168
6174
6173
6172
6175
6174
6172
6177
6179
6176
6179
6178
6176
6180
6181
6182
6180
6182
6183
6185
6187
6184
6187
6186
6184
6190
6189
6188
6192
6194
6191
6194
6193
6191
6197
6196
6195
6198
6197
6195
6199
6198
6195
6202
6201
6200
6203
6202
6200
6204
6203
6200
6205
6204
6200
6208
6207
6206
6209
6208
6206
6212
6211
6210
6213
6212
6210
6214
6213
6210
6215
6214
6210
6216
6215
6210
6219
6218
6217
6220
6219
6217
6221
6220
6217
6224
6223
6222
6225
6224
6222
6228
6227
6226
6229
6228
6226
6230
6229
6226
6233
6232
6231
6234
6233
6231
6237
6236
6235
6238
6237
6235
6241
6240
6239
6242
6241
6239
6243
6242
6239
6244
6243
6239
6247
6246
6245
6248
6247
6245
6251
6250
6249
6252
6251
6249
6255
6254
6253
6256
6255
6253
6257
6256
6253
6260
6259
6258
6261
6260
6258
6262
6261
6258
6263
6262
6258
6266
6265
6264
6267
6266
6264
6270
6269
6268
6271
6270
6268
6274
6273
6272
6275
6274
6272
6278
6277
6276
6279
6278
6276
6282
6281
6280
6283
6282
6280
6286
6285
6284
6287
6286
6284
6288
6287
6284
6289
6288
6284
6292
6291
6290
6295
6294
6293
6296
6295
6293
6299
6298
6297
6300
6299
6297
6303
6302
6301
6306
6305
6304
6307
6306
6304
6310
6309
6308
6311
6310
6308
6314
6313
6312
6315
6314
6312
6318
6317
6316
6319
6318
6316
6322
6321
6320
6323
6322
6320
6326
6325
6324
6327
6326
6324
6328
6327
6324
6331
6330
6329
6332
6331
6329
6333
6332
6329
6334
6333
6329
6335
6334
6329
6336
6335
6329
6337
6336
6329
6338
6337
6329
6341
6340
6339
6342
6341
6339
6343
6342
6339
6346
6345
6344
6349
6348
6347
6350
6349
6347
6351
6350
6347
6354
6353
6352
6357
6356
6355
6358
6357
6355
6361
6360
6359
6362
6361
6359
6365
6364
6363
6366
6365
6363
6369
6368
6367
6370
6369
6367
6371
6370
6367
6374
6373
6372
6377
6376
6375
6378
6377
6375
6379
6378
6375
6382
6381
6380
6385
6384
6383
6386
6385
6383
6387
6386
6383
6388
6387
6383
6389
6388
6383
6392
6391
6390
6395
6394
6393
6396
6395
6393
6399
6398
6397
6400
6399
6397
6401
6400
6397
6404
6403
6402
6405
6404
6402
6406
6405
6402
6407
6406
6402
6408
6407
6402
6409
6408
6402
6410
6409
6402
6413
6412
6411
6414
6413
6411
6415
6414
6411
6418
6417
6416
6421
6420
6419
6422
6421
6419
6423
6422
6419
6424
6423
6419
6425
6424
6419
6426
6425
6419
6427
6426
6419
6430
6429
6428
6431
6430
6428
6434
6433
6432
6435
6434
6432
6436
6435
6432
6439
6438
6437
6440
6439
6437
6441
6440
6437
6442
6441
6437
6443
6442
6437
6446
6445
6444
6447
6446
6444
6448
6447
6444
6449
6448
6444
6452
6451
6450
6453
6452
6450
6456
6455
6454
6457
6456
6454
6458
6457
6454
6459
6458
6454
6460
6459
6454
6461
6460
6454
6462
6461
6454
6465
6464
6463
6468
6467
6466
6469
6468
6466
6470
6469
6466
6473
6472
6471
6474
6473
6471
6477
6476
6475
6478
6477
6475
6479
6478
6475
6482
6481
6480
6483
6482
6480
6484
6483
6480
6487
6486
6485
6488
6487
6485
6489
6488
6485
6490
6489
6485
6491
6490
6485
6492
6491
6485
6495
6494
6493
6496
6495
6493
6499
6498
6497
6500
6499
6497
6501
6500
6497
6504
6503
6502
6505
6504
6502
6508
6507
6506
6509
6508
6506
6510
6509
6506
6511
6510
6506
6512
6511
6506
6515
6514
6513
6518
6517
6516
6519
6518
6516
6522
6521
6520
6525
6524
6523
6526
6525
6523
6529
6528
6527
6532
6531
6530
6533
6532
6530
6536
6535
6534
6537
6536
6534
6540
6539
6538
6541
6540
6538
6544
6543
6542
6545
6544
6542
6546
6545
6542
6547
6546
6542
6548
6547
6542
6551
6550
6549
6554
6553
6552
6555
6554
6552
6556
6555
6552
6559
6558
6557
6560
6559
6557
6563
6562
6561
6564
6563
6561
6565
6564
6561
6568
6567
6566
6569
6568
6566
6570
6569
6566
6573
6572
6571
6574
6573
6571
6575
6574
6571
6578
6577
6576
6579
6578
6576
6582
6581
6580
6583
6582
6580
6586
6585
6584
6587
6586
6584
6588
6587
6584
6591
6590
6589
6592
6591
6589
6595
6594
6593
6596
6595
6593
6597
6596
6593
6600
6599
6598
6603
6602
6601
6604
6603
6601
6605
6604
6601
6606
6605
6601
6607
6606
6601
6610
6609
6608
6613
6612
6611
6614
6613
6611
6615
6614
6611
6616
6615
6611
6617
6616
6611
6618
6617
6611
6619
6618
6611
6622
6621
6620
6625
6624
6623
6626
6625
6623
6627
6626
6623
6628
6627
6623
6629
6628
6623
6632
6631
6630
6633
6632
6630
6636
6635
6634
6637
6636
6634
6640
6639
6638
6641
6640
6638
6644
6643
6642
6645
6644
6642
6646
6645
6642
6647
6646
6642
6650
6649
6648
6653
6652
6651
6654
6653
6651
6657
6656
6655
6658
6657
6655
6659
6658
6655
6660
6659
6655
6661
6660
6655
6664
6663
6662
6665
6664
6662
6666
6665
6662
6669
6668
6667
6670
6669
6667
6673
6672
6671
6674
6673
6671
6677
6676
6675
6678
6677
6675
6681
6680
6679
6682
6681
6679
6684
6686
6683
6686
6685
6683
6687
6688
6689
6687
6689
6690
6691
6692
6693
6691
6693
6694
6691
6694
6695
6696
6697
6698
6696
6698
6699
6701
6703
6700
6703
6702
6700
6706
6705
6704
6707
6706
6704
6710
6709
6708
6711
6710
6708
6714
6713
6712
6715
6714
6712
6716
6715
6712
6719
6718
6717
6720
6719
6717
6723
6722
6721
6724
6723
6721
6727
6726
6725
6728
6727
6725
6731
6730
6729
6732
6731
6729
6733
6732
6729
6736
6735
6734
6739
6738
6737
6740
6739
6737
6741
6740
6737
6744
6743
6742
6745
6744
6742
6746
6745
6742
6749
6748
6747
6750
6749
6747
6753
6752
6751
6754
6753
6751
6755
6754
6751
6758
6757
6756
6759
6758
6756
6762
6761
6760
6763
6762
6760
6766
6765
6764
6769
6768
6767
6770
6769
6767
6773
6772
6771
6774
6773
6771
6775
6774
6771
6778
6777
6776
6779
6778
6776
6782
6781
6780
6783
6782
6780
6786
6785
6784
6787
6786
6784
6788
6787
6784
6791
6790
6789
6792
6791
6789
6795
6794
6793
6796
6795
6793
6799
6798
6797
6800
6799
6797
6803
6802
6801
6804
6803
6801
6807
6806
6805
6808
6807
6805
6811
6810
6809
6812
6811
6809
6815
6814
6813
6816
6815
6813
6819
6818
6817
6820
6819
6817
6821
6820
6817
6822
6821
6817
6825
6824
6823
6826
6825
6823
6829
6828
6827
6830
6829
6827
6831
6830
6827
6834
6833
6832
6835
6834
6832
6836
6835
6832
6839
6838
6837
6840
6839
6837
6843
6842
6841
6844
6843
6841
6847
6846
6845
6850
6849
6848
6851
6850
6848
6852
6851
6848
6855
6854
6853
6856
6855
6853
6857
6856
6853
6860
6859
6858
6863
6862
6861
6864
6863
6861
6865
6864
6861
6868
6867
6866
6871
6870
6869
6872
6871
6869
6875
6874
6873
6878
6877
6876
6879
6878
6876
6882
6881
6880
6883
6882
6880
6886
6885
6884
6887
6886
6884
6890
6889
6888
6891
6890
6888
6894
6893
6892
6895
6894
6892
6898
6897
6896
6899
6898
6896
6902
6901
6900
6903
6902
6900
6906
6905
6904
6907
6906
6904
6910
6909
6908
6911
6910
6908
6914
6913
6912
6915
6914
6912
6916
6915
6912
6917
6916
6912
6920
6919
6918
6921
6920
6918
6924
6923
6922
6925
6924
6922
6928
6927
6926
6931
6930
6929
6932
6931
6929
6935
6934
6933
6936
6935
6933
6937
6936
6933
6938
6937
6933
6939
6938
6933
6940
6939
6933
6941
6940
6933
6942
6941
6933
6943
6942
6933
6946
6945
6944
6947
6946
6944
6950
6949
6948
6951
6950
6948
6954
6953
6952
6955
6954
6952
6958
6957
6956
6961
6960
6959
6962
6961
6959
6965
6964
6963
6966
6965
6963
6967
6966
6963
6970
6969
6968
6971
6970
6968
6972
6971
6968
6973
6972
6968
6976
6975
6974
6977
6976
6974
6980
6979
6978
6981
6980
6978
6984
6983
6982
6985
6984
6982
6986
6985
6982
6989
6988
6987
6990
6989
6987
6993
6992
6991
6996
6995
6994
6997
6996
6994
7000
6999
6998
7001
7000
6998
7004
7003
7002
7005
7004
7002
7008
7007
7006
7009
7008
7006
7011
7013
7010
7013
7012
7010
7016
7015
7014
7017
7016
7014
7020
7019
7018
7021
7020
7018
7024
7023
7022
7025
7024
7022
7028
7027
7026
7029
7028
7026
7032
7031
7030
7033
7032
7030
7034
7033
7030
7035
7034
7030
7038
7037
7036
7039
7038
7036
7040
7039
7036
7041
7040
7036
7042
7041
7036
7045
7044
7043
7046
7045
7043
7047
7046
7043
7050
7049
7048
7053
7052
7051
7054
7053
7051
7055
7054
7051
7056
7055
7051
7057
7056
7051
7060
7059
7058
7061
7060
7058
7062
7061
7058
7063
7062
7058
7066
7065
7064
7067
7066
7064
7068
7067
7064
7071
7070
7069
7072
7071
7069
7075
7074
7073
7076
7075
7073
7077
7076
7073
7078
7077
7073
7079
7078
7073
7082
7081
7080
7083
7082
7080
7086
7085
7084
7087
7086
7084
7088
7087
7084
7091
7090
7089
7092
7091
7089
7093
7092
7089
7094
7093
7089
7097
7096
7095
7098
7097
7095
7099
7098
7095
7100
7099
7095
7101
7100
7095
7102
7101
7095
7103
7102
7095
7106
7105
7104
7107
7106
7104
7108
7107
7104
7109
7108
7104
7110
7109
7104
7111
7110
7104
7112
7111
7104
7113
7112
7104
7116
7115
7114
7119
7118
7117
7120
7119
7117
7121
7120
7117
7124
7123
7122
7125
7124
7122
7126
7125
7122
7127
7126
7122
7130
7129
7128
7131
7130
7128
7134
7133
7132
7135
7134
7132
7138
7137
7136
7139
7138
7136
7142
7141
7140
7143
7142
7140
7146
7145
7144
7147
7146
7144
7150
7149
7148
7151
7150
7148
7152
7151
7148
7155
7154
7153
7156
7155
7153
7159
7158
7157
7160
7159
7157
7163
7162
7161
7164
7163
7161
7165
7164
7161
7168
7167
7166
7169
7168
7166
7172
7171
7170
7173
7172
7170
7176
7175
7174
7177
7176
7174
7180
7179
7178
7181
7180
7178
7184
7183
7182
7185
7184
7182
7188
7187
7186
7189
7188
7186
7192
7191
7190
7193
7192
7190
7194
7193
7190
7197
7196
7195
7198
7197
7195
7199
7198
7195
7202
7201
7200
7203
7202
7200
7206
7205
7204
7207
7206
7204
7210
7209
7208
7211
7210
7208
7214
7213
7212
7215
7214
7212
7216
7215
7212
7219
7218
7217
7220
7219
7217
7223
7222
7221
7224
7223
7221
7227
7226
7225
7228
7227
7225
7229
7228
7225
7230
7229
7225
7233
7232
7231
7234
7233
7231
7237
7236
7235
7238
7237
7235
7239
7238
7235
7240
7239
7235
7243
7242
7241
7244
7243
7241
7245
7244
7241
7248
7247
7246
7249
7248
7246
7252
7251
7250
7253
7252
7250
7256
7255
7254
7259
7258
7257
7262
7261
7260
7263
7262
7260
7264
7263
7260
7267
7266
7265
7268
7267
7265
7271
7270
7269
7272
7271
7269
7275
7274
7273
7276
7275
7273
7277
7276
7273
7280
7279
7278
7281
7280
7278
7283
7285
7282
7285
7284
7282
7288
7287
7286
7289
7288
7286
7292
7291
7290
7293
7292
7290
7294
7293
7290
7297
7296
7295
7298
7297
7295
7301
7300
7299
7302
7301
7299
7303
7302
7299
7304
7303
7299
7305
7304
7299
7308
7307
7306
7309
7308
7306
7312
7311
7310
7313
7312
7310
7316
7315
7314
7317
7316
7314
7318
7317
7314
7319
7318
7314
7322
7321
7320
7323
7322
7320
7324
7323
7320
7327
7326
7325
7328
7327
7325
7329
7328
7325
7330
7329
7325
7331
7330
7325
7334
7333
7332
7337
7336
7335
7338
7337
7335
7339
7338
7335
7340
7339
7335
7343
7342
7341
7344
7343
7341
7347
7346
7345
7348
7347
7345
7349
7348
7345
7350
7349
7345
7353
7352
7351
7356
7355
7354
7357
7356
7354
7360
7359
7358
7361
7360
7358
7364
7363
7362
7365
7364
7362
7366
7365
7362
7367
7366
7362
7370
7369
7368
7371
7370
7368
7374
7373
7372
7375
7374
7372
7378
7377
7376
7379
7378
7376
7382
7381
7380
7383
7382
7380
7386
7385
7384
7387
7386
7384
7388
7387
7384
7391
7390
7389
7392
7391
7389
7393
7392
7389
7394
7393
7389
7397
7396
7395
7398
7397
7395
7401
7400
7399
7402
7401
7399
7403
7402
7399
7405
7407
7404
7407
7406
7404
7410
7409
7408
7411
7410
7408
7414
7413
7412
7415
7414
7412
7416
7415
7412
7419
7418
7417
7420
7419
7417
7423
7422
7421
7424
7423
7421
7427
7426
7425
7428
7427
7425
7429
7428
7425
7430
7429
7425
7431
7430
7425
7432
7431
7425
7433
7432
7425
7434
7433
7425
7435
7434
7425
7436
7435
7425
7439
7438
7437
7440
7439
7437
7441
7440
7437
7444
7443
7442
7445
7444
7442
7446
7445
7442
7447
7446
7442
7450
7449
7448
7451
7450
7448
7454
7453
7452
7455
7454
7452
7456
7455
7452
7459
7458
7457
7460
7459
7457
7461
7460
7457
7462
7461
7457
7463
7462
7457
7466
7465
7464
7467
7466
7464
7468
7467
7464
7469
7468
7464
7472
7471
7470
7475
7474
7473
7476
7475
7473
7479
7478
7477
7480
7479
7477
7481
7480
7477
7484
7483
7482
7485
7484
7482
7488
7487
7486
7489
7488
7486
7490
7489
7486
7493
7492
7491
7496
7495
7494
7497
7496
7494
7498
7497
7494
7499
7498
7494
7502
7501
7500
7505
7504
7503
7508
7507
7506
7509
7508
7506
7512
7511
7510
7513
7512
7510
7515
7517
7514
7517
7516
7514
7520
7519
7518
7521
7520
7518
7522
7521
7518
7523
7522
7518
7526
7525
7524
7527
7526
7524
7530
7529
7528
7531
7530
7528
7534
7533
7532
7535
7534
7532
7538
7537
7536
7539
7538
7536
7540
7539
7536
7543
7542
7541
7544
7543
7541
7547
7546
7545
7548
7547
7545
7551
7550
7549
7552
7551
7549
7555
7554
7553
7556
7555
7553
7559
7558
7557
7560
7559
7557
7563
7562
7561
7564
7563
7561
7567
7566
7565
7568
7567
7565
7570
7572
7569
7572
7571
7569
7575
7574
7573
7576
7575
7573
7579
7578
7577
7580
7579
7577
7583
7582
7581
7584
7583
7581
7587
7586
7585
7588
7587
7585
7589
7588
7585
7592
7591
7590
7593
7592
7590
7594
7593
7590
7597
7596
7595
7598
7597
7595
7599
7598
7595
7602
7601
7600
7603
7602
7600
7606
7605
7604
7607
7606
7604
7608
7607
7604
7611
7610
7609
7612
7611
7609
7613
7612
7609
7616
7615
7614
7617
7616
7614
7618
7617
7614
7621
7620
7619
7622
7621
7619
7623
7622
7619
7626
7625
7624
7627
7626
7624
7628
7627
7624
7629
7628
7624
7630
7629
7624
7633
7632
7631
7634
7633
7631
7635
7634
7631
7638
7637
7636
7639
7638
7636
7642
7641
7640
7643
7642
7640
7646
7645
7644
7647
7646
7644
7648
7647
7644
7651
7650
7649
7652
7651
7649
7653
7652
7649
7656
7655
7654
7657
7656
7654
7660
7659
7658
7661
7660
7658
7664
7663
7662
7665
7664
7662
7668
7667
7666
7669
7668
7666
7672
7671
7670
7673
7672
7670
7676
7675
7674
7677
7676
7674
7678
7677
7674
7681
7680
7679
7682
7681
7679
7685
7684
7683
7688
7687
7686
7689
7688
7686
7690
7689
7686
7692
7694
7691
7694
7693
7691
7695
7696
7697
7695
7697
7698
7695
7698
7699
7700
7701
7702
7700
7702
7703
7700
7703
7704
7700
7704
7705
7706
7707
7708
7706
7708
7709
7710
7711
7712
7710
7712
7713
7715
7717
7714
7717
7716
7714
7720
7719
7718
7721
7720
7718
7722
7721
7718
7725
7724
7723
7726
7725
7723
7727
7726
7723
7730
7729
7728
7731
7730
7728
7732
7731
7728
7733
7732
7728
7734
7733
7728
7737
7736
7735
7740
7739
7738
7741
7740
7738
7742
7741
7738
7745
7744
7743
7746
7745
7743
7749
7748
7747
7750
7749
7747
7753
7752
7751
7754
7753
7751
7756
7758
7755
7758
7757
7755
7759
7760
7761
7763
7765
7762
7765
7764
7762
7768
7767
7766
7770
7772
7769
7772
7771
7769
7775
7774
7773
7776
7775
7773
7777
7776
7773
7778
7777
7773
7781
7780
7779
7783
7785
7782
7785
7784
7782
7788
7787
7786
7789
7788
7786
7790
7789
7786
7793
7792
7791
7794
7793
7791
7797
7796
7795
7798
7797
7795
7799
7798
7795
7800
7799
7795
7803
7802
7801
7804
7803
7801
7805
7804
7801
7806
7805
7801
7807
7806
7801
7810
7809
7808
7811
7810
7808
7814
7813
7812
7815
7814
7812
7818
7817
7816
7819
7818
7816
7820
7819
7816
7821
7820
7816
7822
7821
7816
7823
7822
7816
7826
7825
7824
7827
7826
7824
7830
7829
7828
7831
7830
7828
7832
7831
7828
7835
7834
7833
7836
7835
7833
7837
7836
7833
7840
7839
7838
7841
7840
7838
7844
7843
7842
7845
7844
7842
7846
7845
7842
7847
7846
7842
7850
7849
7848
7851
7850
7848
7854
7853
7852
7855
7854
7852
7858
7857
7856
7859
7858
7856
7860
7859
7856
7861
7860
7856
7864
7863
7862
7865
7864
7862
7866
7865
7862
7867
7866
7862
7868
7867
7862
7871
7870
7869
7872
7871
7869
7875
7874
7873
7876
7875
7873
7877
7876
7873
7878
7877
7873
7881
7880
7879
7884
7883
7882
7885
7884
7882
7886
7885
7882
7889
7888
7887
7890
7889
7887
7891
7890
7887
7893
7895
7892
7895
7894
7892
7898
7897
7896
7899
7898
7896
7900
7899
7896
7903
7902
7901
7904
7903
7901
7905
7904
7901
7908
7907
7906
7909
7908
7906
7912
7911
7910
7913
7912
7910
7916
7915
7914
7917
7916
7914
7920
7919
7918
7922
7924
7921
7924
7923
7921
7925
7926
7927
7928
7929
7930
7928
7930
7931
7933
7935
7932
7935
7934
7932
7938
7937
7936
7939
7938
7936
7940
7939
7936
7943
7942
7941
7944
7943
7941
7947
7946
7945
7948
7947
7945
7949
7948
7945
7952
7951
7950
7954
7956
7953
7956
7955
7953
7957
7958
7959
7957
7959
7960
7961
7962
7963
7961
7963
7964
7965
7966
7967
7965
7967
7968
7970
7972
7969
7972
7971
7969
7975
7974
7973
7976
7975
7973
7977
7976
7973
7980
7979
7978
7981
7980
7978
7984
7983
7982
7985
7984
7982
7986
7985
7982
7989
7988
7987
7990
7989
7987
7992
7994
7991
7994
7993
7991
7997
7996
7995
7998
7997
7995
8001
8000
7999
8002
8001
7999
8003
8002
7999
8006
8005
8004
8007
8006
8004
8008
8007
8004
8009
8008
8004
8010
8009
8004
8013
8012
8011
8016
8015
8014
8017
8016
8014
8020
8019
8018
8021
8020
8018
8022
8021
8018
8023
8022
8018
8026
8025
8024
8027
8026
8024
8028
8027
8024
8029
8028
8024
8032
8031
8030
8033
8032
8030
8036
8035
8034
8037
8036
8034
8038
8037
8034
8039
8038
8034
8042
8041
8040
8043
8042
8040
8044
8043
8040
8047
8046
8045
8048
8047
8045
8049
8048
8045
8052
8051
8050
8053
8052
8050
8054
8053
8050
8055
8054
8050
8056
8055
8050
8057
8056
8050
8058
8057
8050
8061
8060
8059
8062
8061
8059
8065
8064
8063
8066
8065
8063
8067
8066
8063
8070
8069
8068
8071
8070
8068
8072
8071
8068
8073
8072
8068
8076
8075
8074
8079
8078
8077
8080
8079
8077
8081
8080
8077
8084
8083
8082
8085
8084
8082
8088
8087
8086
8089
8088
8086
8092
8091
8090
8093
8092
8090
8094
8093
8090
8095
8094
8090
8098
8097
8096
8099
8098
8096
8102
8101
8100
8103
8102
8100
8104
8103
8100
8105
8104
8100
8108
8107
8106
8109
8108
8106
8111
8113
8110
8113
8112
8110
8114
8115
8116
8114
8116
8117
8114
8117
8118
8119
8120
8121
8119
8121
8122
8123
8124
8125
8126
8127
8128
8126
8128
8129
8126
8129
8130
8131
8132
8133
8135
8137
8134
8137
8136
8134
8140
8139
8138
8141
8140
8138
8144
8143
8142
8145
8144
8142
8148
8147
8146
8149
8148
8146
8152
8151
8150
8153
8152
8150
8156
8155
8154
8157
8156
8154
8158
8157
8154
8161
8160
8159
8162
8161
8159
8163
8162
8159
8164
8163
8159
8167
8166
8165
8170
8169
8168
8171
8170
8168
8172
8171
8168
8173
8172
8168
8174
8173
8168
8177
8176
8175
8178
8177
8175
8180
8182
8179
8182
8181
8179
8183
8184
8185
8183
8185
8186
8183
8186
8187
8188
8189
8190
8188
8190
8191
8192
8193
8194
8192
8194
8195
8196
8197
8198
8196
8198
8199
8200
8201
8202
8200
8202
8203
8205
8207
8204
8207
8206
8204
8210
8209
8208
8211
8210
8208
8212
8211
8208
8214
8216
8213
8216
8215
8213
8219
8218
8217
8220
8219
8217
8221
8220
8217
8224
8223
8222
8225
8224
8222
8226
8225
8222
8227
8226
8222
8228
8227
8222
8229
8228
8222
8230
8229
8222
8231
8230
8222
8234
8233
8232
8235
8234
8232
8236
8235
8232
8239
8238
8237
8240
8239
8237
8242
8244
8241
8244
8243
8241
8247
8246
8245
8248
8247
8245
8249
8248
8245
8252
8251
8250
8253
8252
8250
8256
8255
8254
8257
8256
8254
8258
8257
8254
8261
8260
8259
8262
8261
8259
8263
8262
8259
8266
8265
8264
8269
8268
8267
8270
8269
8267
8271
8270
8267
8272
8271
8267
8273
8272
8267
8274
8273
8267
8275
8274
8267
8277
8279
8276
8279
8278
8276
8282
8281
8280
8283
8282
8280
8286
8285
8284
8287
8286
8284
8290
8289
8288
8291
8290
8288
8294
8293
8292
8295
8294
8292
8298
8297
8296
8299
8298
8296
8300
8299
8296
8303
8302
8301
8304
8303
8301
8307
8306
8305
8308
8307
8305
8310
8312
8309
8312
8311
8309
8315
8314
8313
8318
8317
8316
8319
8318
8316
8322
8321
8320
8323
8322
8320
8324
8323
8320
8326
8328
8325
8328
8327
8325
8331
8330
8329
8333
8335
8332
8335
8334
8332
8338
8337
8336
8339
8338
8336
8342
8341
8340
8343
8342
8340
8346
8345
8344
8347
8346
8344
8348
8347
8344
8349
8348
8344
8352
8351
8350
8353
8352
8350
8354
8353
8350
8357
8356
8355
8358
8357
8355
8359
8358
8355
8360
8359
8355
8363
8362
8361
8364
8363
8361
8365
8364
8361
8366
8365
8361
8367
8366
8361
8368
8367
8361
8371
8370
8369
8372
8371
8369
8373
8372
8369
8374
8373
8369
8375
8374
8369
8376
8375
8369
8379
8378
8377
8382
8381
8380
8383
8382
8380
8384
8383
8380
8385
8384
8380
8388
8387
8386
8389
8388
8386
8392
8391
8390
8393
8392
8390
8394
8393
8390
8395
8394
8390
8396
8395
8390
8397
8396
8390
8400
8399
8398
8401
8400
8398
8402
8401
8398
8405
8404
8403
8406
8405
8403
8409
8408
8407
8410
8409
8407
8411
8410
8407
8414
8413
8412
8415
8414
8412
8416
8415
8412
8417
8416
8412
8418
8417
8412
8421
8420
8419
8422
8421
8419
8423
8422
8419
8426
8425
8424
8429
8428
8427
8430
8429
8427
8431
8430
8427
8432
8431
8427
8433
8432
8427
8435
8437
8434
8437
8436
8434
8440
8439
8438
8441
8440
8438
8444
8443
8442
8445
8444
8442
8447
8449
8446
8449
8448
8446
8450
8451
8452
8450
8452
8453
8454
8455
8456
8454
8456
8457
8459
8461
8458
8461
8460
8458
8464
8463
8462
8465
8464
8462
8467
8469
8466
8469
8468
8466
8470
8471
8472
8470
8472
8473
8475
8477
8474
8477
8476
8474
8478
8479
8480
8478
8480
8481
8482
8483
8484
8482
8484
8485
8482
8485
8486
8482
8486
8487
8482
8487
8488
8489
8490
8491
8489
8491
8492
8493
8494
8495
8493
8495
8496
8498
8500
8497
8500
8499
8497
8503
8502
8501
8504
8503
8501
8505
8504
8501
8506
8505
8501
8508
8510
8507
8510
8509
8507
8513
8512
8511
8514
8513
8511
8515
8514
8511
8518
8517
8516
8519
8518
8516
8522
8521
8520
8523
8522
8520
8524
8523
8520
8527
8526
8525
8528
8527
8525
8531
8530
8529
8532
8531
8529
8535
8534
8533
8536
8535
8533
8539
8538
8537
8540
8539
8537
8543
8542
8541
8544
8543
8541
8547
8546
8545
8548
8547
8545
8549
8548
8545
8552
8551
8550
8553
8552
8550
8554
8553
8550
8557
8556
8555
8558
8557
8555
8561
8560
8559
8562
8561
8559
8563
8562
8559
8566
8565
8564
8567
8566
8564
8570
8569
8568
8571
8570
8568
8574
8573
8572
8575
8574
8572
8578
8577
8576
8579
8578
8576
8580
8579
8576
8583
8582
8581
8584
8583
8581
8587
8586
8585
8588
8587
8585
8589
8588
8585
8591
8593
8590
8593
8592
8590
8594
8595
8596
8594
8596
8597
8594
8597
8598
8600
8602
8599
8602
8601
8599
8605
8604
8603
8606
8605
8603
8608
8610
8607
8610
8609
8607
8611
8612
8613
8611
8613
8614
8611
8614
8615
8617
8619
8616
8619
8618
8616
8620
8621
8622
8620
8622
8623
8625
8627
8624
8627
8626
8624
8628
8629
8630
8628
8630
8631
8633
8635
8632
8635
8634
8632
8636
8637
8638
8636
8638
8639
8641
8643
8640
8643
8642
8640
8644
8645
8646
8644
8646
8647
8644
8647
8648
8650
8652
8649
8652
8651
8649
8653
8654
8655
8653
8655
8656
8658
8660
8657
8660
8659
8657
8661
8662
8663
8661
8663
8664
8661
8664
8665
8661
8665
8666
8667
8668
8669
8667
8669
8670
8671
8672
8673
8671
8673
8674
8675
8676
8677
8675
8677
8678
8680
8682
8679
8682
8681
8679
8683
8684
8685
8683
8685
8686
8683
8686
8687
8683
8687
8688
8690
8692
8689
8692
8691
8689
8695
8694
8693
8696
8695
8693
8698
8700
8697
8700
8699
8697
8701
8702
8703
8701
8703
8704
8701
8704
8705
8706
8707
8708
8706
8708
8709
8710
8711
8712
8710
8712
8713
8710
8713
8714
8715
8716
8717
8715
8717
8718
8720
8722
8719
8722
8721
8719
8723
8724
8725
8723
8725
8726
8723
8726
8727
8728
8729
8730
8728
8730
8731
8732
8733
8734
8732
8734
8735
8736
8737
8738
8736
8738
8739
8736
8739
8740
8736
8740
8741
8736
8741
8742
8743
8744
8745
8743
8745
8746
8748
8750
8747
8750
8749
8747
8751
8752
8753
8751
8753
8754
8755
8756
8757
8755
8757
8758
8760
8762
8759
8762
8761
8759
8763
8764
8765
8763
8765
8766
8767
8768
8769
8767
8769
8770
8772
8774
8771
8774
8773
8771
8777
8776
8775
8778
8777
8775
8781
8780
8779
8782
8781
8779
8784
8786
8783
8786
8785
8783
8789
8788
8787
8790
8789
8787
8791
8790
8787
8794
8793
8792
8795
8794
8792
8798
8797
8796
8799
8798
8796
8802
8801
8800
8803
8802
8800
8806
8805
8804
8807
8806
8804
8810
8809
8808
8811
8810
8808
8814
8813
8812
8815
8814
8812
8816
8815
8812
8819
8818
8817
8820
8819
8817
8821
8820
8817
8823
8825
8822
8825
8824
8822
8828
8827
8826
8829
8828
8826
8831
8833
8830
8833
8832
8830
8834
8835
8836
8834
8836
8837
8834
8837
8838
8834
8838
8839
8840
8841
8842
8840
8842
8843
8840
8843
8844
8840
8844
8845
8847
8849
8846
8849
8848
8846
8850
8851
8852
8850
8852
8853
8855
8857
8854
8857
8856
8854
8858
8859
8860
8862
8864
8861
8864
8863
8861
8865
8866
8867
8865
8867
8868
8869
8870
8871
8869
8871
8872
8874
8876
8873
8876
8875
8873
8877
8878
8879
8881
8883
8880
8883
8882
8880
8884
8885
8886
8884
8886
8887
8888
8889
8890
8888
8890
8891
8893
8895
8892
8895
8894
8892
8896
8897
8898
8896
8898
8899
8896
8899
8900
8896
8900
8901
8902
8903
8904
8902
8904
8905
8906
8907
8908
8906
8908
8909
8911
8913
8910
8913
8912
8910
8914
8915
8916
8914
8916
8917
8918
8919
8920
8918
8920
8921
8923
8925
8922
8925
8924
8922
8928
8927
8926
8930
8932
8929
8932
8931
8929
8935
8934
8933
8936
8935
8933
8937
8936
8933
8939
8941
8938
8941
8940
8938
8942
8943
8944
8942
8944
8945
8947
8949
8946
8949
8948
8946
8952
8951
8950
8953
8952
8950
8956
8955
8954
8957
8956
8954
8959
8961
8958
8961
8960
8958
8962
8963
8964
8962
8964
8965
8966
8967
8968
8966
8968
8969
8970
8971
8972
8970
8972
8973
8970
8973
8974
8970
8974
8975
8970
8975
8976
8978
8980
8977
8980
8979
8977
8981
8982
8983
8981
8983
8984
8985
8986
8987
8985
8987
8988
8990
8992
8989
8992
8991
8989
8993
8994
8995
8993
8995
8996
8997
8998
8999
8997
8999
9000
9002
9004
9001
9004
9003
9001
9005
9006
9007
9005
9007
9008
9010
9012
9009
9012
9011
9009
9015
9014
9013
9016
9015
9013
9019
9018
9017
9020
9019
9017
9022
9024
9021
9024
9023
9021
9025
9026
9027
9025
9027
9028
9025
9028
9029
9025
9029
9030
9032
9034
9031
9034
9033
9031
9035
9036
9037
9035
9037
9038
9040
9042
9039
9042
9041
9039
9043
9044
9045
9043
9045
9046
9048
9050
9047
9050
9049
9047
9051
9052
9053
9051
9053
9054
9056
9058
9055
9058
9057
9055
9061
9060
9059
9062
9061
9059
9065
9064
9063
9068
9067
9066
9069
9068
9066
9070
9069
9066
9073
9072
9071
9074
9073
9071
9076
9078
9075
9078
9077
9075
9079
9080
9081
9079
9081
9082
9084
9086
9083
9086
9085
9083
9087
9088
9089
9087
9089
9090
9092
9094
9091
9094
9093
9091
9095
9096
9097
9098
9099
9100
9098
9100
9101
9102
9103
9104
9102
9104
9105
9102
9105
9106
9108
9110
9107
9110
9109
9107
9111
9112
9113
9111
9113
9114
9115
9116
9117
9115
9117
9118
9115
9118
9119
9121
9123
9120
9123
9122
9120
9124
9125
9126
9124
9126
9127
9128
9129
9130
9128
9130
9131
9133
9135
9132
9135
9134
9132
9136
9137
9138
9136
9138
9139
9140
9141
9142
9140
9142
9143
9144
9145
9146
9144
9146
9147
9148
9149
9150
9148
9150
9151
9153
9155
9152
9155
9154
9152
9156
9157
9158
9156
9158
9159
9156
9159
9160
9161
9162
9163
9161
9163
9164
9161
9164
9165
9167
9169
9166
9169
9168
9166
9172
9171
9170
9173
9172
9170
9175
9177
9174
9177
9176
9174
9180
9179
9178
9181
9180
9178
9182
9181
9178
9183
9182
9178
9186
9185
9184
9189
9188
9187
9190
9189
9187
9191
9190
9187
9193
9195
9192
9195
9194
9192
9198
9197
9196
9199
9198
9196
9200
9199
9196
9203
9202
9201
9204
9203
9201
9207
9206
9205
9208
9207
9205
9211
9210
9209
9212
9211
9209
9215
9214
9213
9216
9215
9213
9219
9218
9217
9220
9219
9217
9223
9222
9221
9224
9223
9221
9227
9226
9225
9228
9227
9225
9231
9230
9229
9232
9231
9229
9235
9234
9233
9236
9235
9233
9239
9238
9237
9240
9239
9237
9241
9240
9237
9244
9243
9242
9245
9244
9242
9248
9247
9246
9249
9248
9246
9252
9251
9250
9253
9252
9250
9256
9255
9254
9257
9256
9254
9258
9257
9254
9261
9260
9259
9262
9261
9259
9265
9264
9263
9266
9265
9263
9267
9266
9263
9270
9269
9268
9271
9270
9268
9274
9273
9272
9275
9274
9272
9278
9277
9276
9279
9278
9276
9282
9281
9280
9283
9282
9280
9285
9287
9284
9287
9286
9284
9288
9289
9290
9288
9290
9291
9292
9293
9294
9292
9294
9295
9297
9299
9296
9299
9298
9296
9302
9301
9300
9303
9302
9300
9305
9307
9304
9307
9306
9304
9310
9309
9308
9311
9310
9308
9312
9311
9308
9315
9314
9313
9316
9315
9313
9317
9316
9313
9320
9319
9318
9321
9320
9318
9324
9323
9322
9325
9324
9322
9326
9325
9322
9329
9328
9327
9330
9329
9327
9331
9330
9327
9332
9331
9327
9335
9334
9333
9336
9335
9333
9337
9336
9333
9339
9341
9338
9341
9340
9338
9344
9343
9342
9345
9344
9342
9347
9349
9346
9349
9348
9346
9352
9351
9350
9353
9352
9350
9355
9357
9354
9357
9356
9354
9360
9359
9358
9361
9360
9358
9362
9361
9358
9363
9362
9358
9366
9365
9364
9367
9366
9364
9369
9371
9368
9371
9370
9368
9374
9373
9372
9375
9374
9372
9376
9375
9372
9377
9376
9372
9380
9379
9378
9381
9380
9378
9383
9385
9382
9385
9384
9382
9386
9387
9388
9386
9388
9389
9390
9391
9392
9390
9392
9393
9395
9397
9394
9397
9396
9394
9400
9399
9398
9401
9400
9398
9403
9405
9402
9405
9404
9402
9408
9407
9406
9409
9408
9406
9410
9409
9406
9413
9412
9411
9414
9413
9411
9415
9414
9411
9418
9417
9416
9419
9418
9416
9420
9419
9416
9423
9422
9421
9424
9423
9421
9426
9428
9425
9428
9427
9425
9431
9430
9429
9432
9431
9429
9433
9432
9429
9436
9435
9434
9437
9436
9434
9438
9437
9434
9441
9440
9439
9442
9441
9439
9443
9442
9439
9444
9443
9439
9446
9448
9445
9448
9447
9445
9449
9450
9451
9449
9451
9452
9449
9452
9453
9454
9455
9456
9454
9456
9457
9459
9461
9458
9461
9460
9458
9462
9463
9464
9462
9464
9465
9467
9469
9466
9469
9468
9466
9472
9471
9470
9473
9472
9470
9474
9473
9470
9477
9476
9475
9478
9477
9475
9480
9482
9479
9482
9481
9479
9483
9484
9485
9483
9485
9486
9488
9490
9487
9490
9489
9487
9491
9492
9493
9491
9493
9494
9491
9494
9495
9491
9495
9496
9497
9498
9499
9497
9499
9500
9502
9504
9501
9504
9503
9501
9505
9506
9507
9505
9507
9508
9505
9508
9509
9505
9509
9510
9511
9512
9513
9511
9513
9514
9511
9514
9515
9516
9517
9518
9516
9518
9519
9516
9519
9520
9521
9522
9523
9521
9523
9524
9521
9524
9525
9521
9525
9526
9527
9528
9529
9527
9529
9530
9527
9530
9531
9527
9531
9532
9533
9534
9535
9533
9535
9536
9533
9536
9537
9538
9539
9540
9538
9540
9541
9542
9543
9544
9542
9544
9545
9542
9545
9546
9542
9546
9547
9542
9547
9548
9550
9552
9549
9552
9551
9549
9553
9554
9555
9553
9555
9556
9558
9560
9557
9560
9559
9557
9561
9562
9563
9561
9563
9564
9566
9568
9565
9568
9567
9565
9571
9570
9569
9572
9571
9569
9574
9576
9573
9576
9575
9573
9577
9578
9579
9577
9579
9580
9582
9584
9581
9584
9583
9581
9585
9586
9587
9585
9587
9588
9590
9592
9589
9592
9591
9589
9595
9594
9593
9596
9595
9593
9598
9600
9597
9600
9599
9597
9603
9602
9601
9604
9603
9601
9606
9608
9605
9608
9607
9605
9609
9610
9611
9609
9611
9612
9614
9616
9613
9616
9615
9613
9617
9618
9619
9617
9619
9620
9622
9624
9621
9624
9623
9621
9625
9626
9627
9625
9627
9628
9630
9632
9629
9632
9631
9629
9633
9634
9635
9633
9635
9636
9638
9640
9637
9640
9639
9637
9641
9642
9643
9641
9643
9644
9645
9646
9647
9645
9647
9648
9650
9652
9649
9652
9651
9649
9653
9654
9655
9653
9655
9656
9658
9660
9657
9660
9659
9657
9661
9662
9663
9661
9663
9664
9666
9668
9665
9668
9667
9665
9669
9670
9671
9669
9671
9672
9669
9672
9673
9675
9677
9674
9677
9676
9674
9680
9679
9678
9681
9680
9678
9683
9685
9682
9685
9684
9682
9688
9687
9686
9689
9688
9686
9691
9693
9690
9693
9692
9690
9694
9695
9696
9694
9696
9697
9698
9699
9700
9698
9700
9701
9703
9705
9702
9705
9704
9702
9706
9707
9708
9706
9708
9709
9711
9713
9710
9713
9712
9710
9714
9715
9716
9714
9716
9717
9719
9721
9718
9721
9720
9718
9724
9723
9722
9725
9724
9722
9727
9729
9726
9729
9728
9726
9730
9731
9732
9730
9732
9733
9735
9737
9734
9737
9736
9734
9740
9739
9738
9741
9740
9738
9743
9745
9742
9745
9744
9742
9748
9747
9746
9749
9748
9746
9752
9751
9750
9753
9752
9750
9756
9755
9754
9757
9756
9754
9760
9759
9758
9761
9760
9758
9764
9763
9762
9765
9764
9762
9768
9767
9766
9769
9768
9766
9772
9771
9770
9773
9772
9770
9776
9775
9774
9777
9776
9774
9778
9777
9774
9781
9780
9779
9782
9781
9779
9785
9784
9783
9786
9785
9783
9789
9788
9787
9790
9789
9787
9793
9792
9791
9794
9793
9791
9797
9796
9795
9798
9797
9795
9801
9800
9799
9802
9801
9799
9805
9804
9803
9806
9805
9803
9809
9808
9807
9810
9809
9807
9813
9812
9811
9814
9813
9811
9817
9816
9815
9818
9817
9815
9821
9820
9819
9822
9821
9819
9825
9824
9823
9826
9825
9823
9829
9828
9827
9830
9829
9827
9833
9832
9831
9834
9833
9831
9837
9836
9835
9838
9837
9835
9841
9840
9839
9842
9841
9839
9845
9844
9843
9846
9845
9843
9849
9848
9847
9850
9849
9847
9853
9852
9851
9854
9853
9851
9857
9856
9855
9858
9857
9855
9861
9860
9859
9862
9861
9859
9865
9864
9863
9866
9865
9863
9869
9868
9867
9870
9869
9867
9873
9872
9871
9874
9873
9871
9876
9878
9875
9878
9877
9875
9881
9880
9879
9882
9881
9879
9883
9882
9879
9886
9885
9884
9887
9886
9884
9890
9889
9888
9891
9890
9888
9894
9893
9892
9895
9894
9892
9896
9895
9892
9899
9898
9897
9900
9899
9897
9903
9902
9901
9904
9903
9901
9907
9906
9905
9908
9907
9905
9911
9910
9909
9912
9911
9909
9915
9914
9913
9916
9915
9913
9919
9918
9917
9920
9919
9917
9923
9922
9921
9924
9923
9921
9927
9926
9925
9928
9927
9925
9931
9930
9929
9932
9931
9929
9935
9934
9933
9936
9935
9933
9939
9938
9937
9940
9939
9937
9943
9942
9941
9944
9943
9941
9947
9946
9945
9948
9947
9945
9951
9950
9949
9952
9951
9949
9955
9954
9953
9956
9955
9953
9959
9958
9957
9960
9959
9957
9963
9962
9961
9964
9963
9961
9967
9966
9965
9968
9967
9965
9971
9970
9969
9972
9971
9969
9975
9974
9973
9976
9975
9973
9979
9978
9977
9980
9979
9977
9983
9982
9981
9984
9983
9981
9987
9986
9985
9988
9987
9985
9991
9990
9989
9992
9991
9989
9995
9994
9993
9996
9995
9993
9999
9998
9997
10000
9999
9997
10003
10002
10001
10004
10003
10001
10007
10006
10005
10008
10007
10005
10011
10010
10009
10012
10011
10009
10013
10012
10009
10016
10015
10014
10017
10016
10014
10018
10017
10014
10021
10020
10019
10022
10021
10019
10025
10024
10023
10026
10025
10023
10029
10028
10027
10030
10029
10027
10033
10032
10031
10034
10033
10031
10037
10036
10035
10038
10037
10035
10041
10040
10039
10042
10041
10039
10045
10044
10043
10046
10045
10043
10049
10048
10047
10050
10049
10047
10053
10052
10051
10054
10053
10051
10057
10056
10055
10058
10057
10055
10061
10060
10059
10062
10061
10059
10065
10064
10063
10066
10065
10063
10069
10068
10067
10070
10069
10067
10073
10072
10071
10074
10073
10071
10075
10074
10071
10077
10079
10076
10079
10078
10076
10082
10081
10080
10083
10082
10080
10084
10083
10080
10087
10086
10085
10088
10087
10085
10091
10090
10089
10092
10091
10089
10093
10092
10089
10096
10095
10094
10097
10096
10094
10100
10099
10098
10101
10100
10098
10104
10103
10102
10105
10104
10102
10108
10107
10106
10109
10108
10106
10110
10109
10106
10113
10112
10111
10114
10113
10111
10117
10116
10115
10118
10117
10115
10121
10120
10119
10122
10121
10119
10125
10124
10123
10126
10125
10123
10129
10128
10127
10130
10129
10127
10133
10132
10131
10134
10133
10131
10137
10136
10135
10138
10137
10135
10141
10140
10139
10142
10141
10139
10145
10144
10143
10146
10145
10143
10149
10148
10147
10150
10149
10147
10153
10152
10151
10154
10153
10151
10157
10156
10155
10158
10157
10155
10161
10160
10159
10162
10161
10159
10165
10164
10163
10166
10165
10163
10169
10168
10167
10170
10169
10167
10173
10172
10171
10174
10173
10171
10177
10176
10175
10178
10177
10175
10179
10178
10175
10182
10181
10180
10183
10182
10180
10186
10185
10184
10187
10186
10184
10189
10191
10188
10191
10190
10188
10194
10193
10192
10195
10194
10192
10196
10195
10192
10199
10198
10197
10200
10199
10197
10203
10202
10201
10204
10203
10201
10207
10206
10205
10208
10207
10205
10211
10210
10209
10212
10211
10209
10215
10214
10213
10216
10215
10213
10219
10218
10217
10220
10219
10217
10223
10222
10221
10224
10223
10221
10227
10226
10225
10228
10227
10225
10229
10228
10225
10232
10231
10230
10233
10232
10230
10236
10235
10234
10237
10236
10234
10238
10237
10234
10241
10240
10239
10242
10241
10239
10243
10242
10239
10246
10245
10244
10247
10246
10244
10250
10249
10248
10251
10250
10248
10254
10253
10252
10255
10254
10252
10258
10257
10256
10259
10258
10256
10262
10261
10260
10263
10262
10260
10265
10267
10264
10267
10266
10264
10270
10269
10268
10271
10270
10268
10272
10271
10268
10275
10274
10273
10276
10275
10273
10279
10278
10277
10280
10279
10277
10283
10282
10281
10284
10283
10281
10287
10286
10285
10288
10287
10285
10291
10290
10289
10292
10291
10289
10295
10294
10293
10296
10295
10293
10297
10296
10293
10300
10299
10298
10301
10300
10298
10304
10303
10302
10305
10304
10302
10308
10307
10306
10309
10308
10306
10312
10311
10310
10313
10312
10310
10316
10315
10314
10317
10316
10314
10320
10319
10318
10321
10320
10318
10324
10323
10322
10325
10324
10322
10326
10325
10322
10328
10330
10327
10330
10329
10327
10333
10332
10331
10334
10333
10331
10335
10334
10331
10338
10337
10336
10339
10338
10336
10342
10341
10340
10343
10342
10340
10344
10343
10340
10347
10346
10345
10348
10347
10345
10351
10350
10349
10352
10351
10349
10355
10354
10353
10356
10355
10353
10359
10358
10357
10360
10359
10357
10361
10360
10357
10364
10363
10362
10365
10364
10362
10366
10365
10362
10369
10368
10367
10370
10369
10367
10371
10370
10367
10374
10373
10372
10375
10374
10372
10378
10377
10376
10379
10378
10376
10380
10379
10376
10383
10382
10381
10384
10383
10381
10387
10386
10385
10388
10387
10385
10389
10388
10385
10392
10391
10390
10393
10392
10390
10396
10395
10394
10397
10396
10394
10400
10399
10398
10401
10400
10398
10404
10403
10402
10405
10404
10402
10406
10405
10402
10408
10410
10407
10410
10409
10407
10413
10412
10411
10414
10413
10411
10415
10414
10411
10418
10417
10416
10419
10418
10416
10422
10421
10420
10423
10422
10420
10426
10425
10424
10427
10426
10424
10430
10429
10428
10431
10430
10428
10432
10431
10428
10435
10434
10433
10436
10435
10433
10439
10438
10437
10440
10439
10437
10443
10442
10441
10444
10443
10441
10446
10448
10445
10448
10447
10445
10451
10450
10449
10452
10451
10449
10453
10452
10449
10456
10455
10454
10457
10456
10454
10460
10459
10458
10461
10460
10458
10464
10463
10462
10465
10464
10462
10466
10465
10462
10469
10468
10467
10470
10469
10467
10471
10470
10467
10474
10473
10472
10475
10474
10472
10476
10475
10472
10479
10478
10477
10480
10479
10477
10483
10482
10481
10484
10483
10481
10485
10484
10481
10487
10489
10486
10489
10488
10486
10492
10491
10490
10493
10492
10490
10494
10493
10490
10497
10496
10495
10498
10497
10495
10501
10500
10499
10502
10501
10499
10505
10504
10503
10506
10505
10503
10509
10508
10507
10510
10509
10507
10513
10512
10511
10514
10513
10511
10517
10516
10515
10518
10517
10515
10521
10520
10519
10522
10521
10519
10525
10524
10523
10526
10525
10523
10529
10528
10527
10530
10529
10527
10533
10532
10531
10534
10533
10531
10536
10538
10535
10538
10537
10535
10541
10540
10539
10542
10541
10539
10545
10544
10543
10546
10545
10543
10549
10548
10547
10550
10549
10547
10553
10552
10551
10554
10553
10551
10555
10554
10551
10558
10557
10556
10559
10558
10556
10562
10561
10560
10563
10562
10560
10566
10565
10564
10567
10566
10564
10568
10567
10564
10570
10572
10569
10572
10571
10569
10575
10574
10573
10576
10575
10573
10577
10576
10573
10580
10579
10578
10581
10580
10578
10584
10583
10582
10585
10584
10582
10588
10587
10586
10589
10588
10586
10590
10589
10586
10592
10594
10591
10594
10593
10591
10597
10596
10595
10598
10597
10595
10601
10600
10599
10602
10601
10599
10603
10602
10599
10606
10605
10604
10607
10606
10604
10610
10609
10608
10611
10610
10608
10612
10611
10608
10614
10616
10613
10616
10615
10613
10619
10618
10617
10620
10619
10617
10621
10620
10617
10624
10623
10622
10625
10624
10622
10628
10627
10626
10629
10628
10626
10630
10629
10626
10632
10634
10631
10634
10633
10631
10637
10636
10635
10638
10637
10635
10639
10638
10635
10642
10641
10640
10643
10642
10640
10646
10645
10644
10647
10646
10644
10650
10649
10648
10651
10650
10648
10653
10655
10652
10655
10654
10652
10658
10657
10656
10659
10658
10656
10660
10659
10656
10661
10660
10656
10664
10663
10662
10665
10664
10662
10667
10669
10666
10669
10668
10666
10672
10671
10670
10673
10672
10670
10674
10673
10670
10677
10676
10675
10678
10677
10675
10681
10680
10679
10682
10681
10679
10685
10684
10683
10686
10685
10683
10688
10690
10687
10690
10689
10687
10693
10692
10691
10694
10693
10691
10695
10694
10691
10696
10695
10691
10699
10698
10697
10700
10699
10697
10701
10700
10697
