1
3
0
3
2
0
6
5
4
7
6
4
10
9
8
11
10
8
13
15
12
15
14
12
18
17
16
19
18
16
22
21
20
23
22
20
24
23
20
27
26
25
28
27
25
31
30
29
32
31
29
35
34
33
36
35
33
38
40
37
40
39
37
43
42
41
44
43
41
45
44
41
48
47
46
49
48
46
50
49
46
51
50
46
54
53
52
55
54
52
58
57
56
59
58
56
62
61
60
63
62
60
64
63
60
65
64
60
66
65
60
69
68
67
70
69
67
71
70
67
74
73
72
75
74
72
78
77
76
79
78
76
82
81
80
83
82
80
84
83
80
85
84
80
88
87
86
89
88
86
92
91
90
93
92
90
96
95
94
97
96
94
98
97
94
99
98
94
102
101
100
103
102
100
104
103
100
105
104
100
108
107
106
109
108
106
110
109
106
111
110
106
112
111
106
115
114
113
116
115
113
119
118
117
120
119
117
121
120
117
124
123
122
125
124
122
128
127
126
129
128
126
131
133
130
133
132
130
136
135
134
137
136
134
138
137
134
139
138
134
142
141
140
143
142
140
146
145
144
147
146
144
150
149
148
151
150
148
154
153
152
155
154
152
156
155
152
159
158
157
160
159
157
162
164
161
164
163
161
167
166
165
168
167
165
171
170
169
172
171
169
174
176
173
176
175
173
179
178
177
180
179
177
181
180
177
184
183
182
185
184
182
186
185
182
187
186
182
188
187
182
189
188
182
192
191
190
193
192
190
196
195
194
197
196
194
200
199
198
201
200
198
204
203
202
205
204
202
207
209
206
209
208
206
212
211
210
213
212
210
216
215
214
217
216
214
218
217
214
221
220
219
222
221
219
225
224
223
226
225
223
229
228
227
230
229
227
231
230
227
234
233
232
235
234
232
238
237
236
239
238
236
240
239
236
241
240
236
244
243
242
245
244
242
248
247
246
249
248
246
250
249
246
251
250
246
252
251
246
255
254
253
258
257
256
259
258
256
260
259
256
263
262
261
264
263
261
265
264
261
268
267
266
269
268
266
270
269
266
273
272
271
274
273
271
275
274
271
276
275
271
277
276
271
280
279
278
281
280
278
284
283
282
285
284
282
286
285
282
289
288
287
290
289
287
291
290
287
292
291
287
295
294
293
296
295
293
299
298
297
300
299
297
303
302
301
304
303
301
307
306
305
308
307
305
309
308
305
312
311
310
313
312
310
316
315
314
317
316
314
319
321
318
321
320
318
322
323
324
322
324
325
326
327
328
326
328
329
330
331
332
330
332
333
335
337
334
337
336
334
340
339
338
341
340
338
344
343
342
345
344
342
348
347
346
349
348
346
350
349
346
351
350
346
354
353
352
355
354
352
358
357
356
359
358
356
362
361
360
363
362
360
364
363
360
365
364
360
368
367
366
369
368
366
370
369
366
371
370
366
374
373
372
375
374
372
378
377
376
379
378
376
382
381
380
383
382
380
384
383
380
387
386
385
388
387
385
391
390
389
392
391
389
393
392
389
394
393
389
395
394
389
396
395
389
399
398
397
400
399
397
403
402
401
404
403
401
405
404
401
406
405
401
409
408
407
410
409
407
411
410
407
412
411
407
415
414
413
416
415
413
417
416
413
420
419
418
421
420
418
424
423
422
425
424
422
428
427
426
429
428
426
430
429
426
433
432
431
434
433
431
437
436
435
438
437
435
441
440
439
442
441
439
445
444
443
446
445
443
449
448
447
450
449
447
453
452
451
454
453
451
455
454
451
458
457
456
459
458
456
462
461
460
463
462
460
466
465
464
467
466
464
470
469
468
471
470
468
474
473
472
475
474
472
478
477
476
479
478
476
482
481
480
483
482
480
486
485
484
487
486
484
490
489
488
491
490
488
494
493
492
495
494
492
496
495
492
499
498
497
500
499
497
503
502
501
504
503
501
505
504
501
508
507
506
509
508
506
512
511
510
513
512
510
514
513
510
515
514
510
516
515
510
517
516
510
518
517
510
519
518
510
522
521
520
523
522
520
524
523
520
527
526
525
528
527
525
531
530
529
532
531
529
535
534
533
536
535
533
537
536
533
540
539
538
541
540
538
544
543
542
545
544
542
548
547
546
549
548
546
552
551
550
553
552
550
556
555
554
557
556
554
560
559
558
561
560
558
564
563
562
565
564
562
566
565
562
567
566
562
570
569
568
573
572
571
574
573
571
575
574
571
576
575
571
579
578
577
580
579
577
583
582
581
584
583
581
586
588
585
588
587
585
591
590
589
592
591
589
595
594
593
596
595
593
597
596
593
600
599
598
601
600
598
604
603
602
605
604
602
606
605
602
609
608
607
610
609
607
611
610
607
614
613
612
615
614
612
616
615
612
619
618
617
620
619
617
623
622
621
624
623
621
625
624
621
626
625
621
629
628
627
630
629
627
631
630
627
634
633
632
635
634
632
636
635
632
637
636
632
640
639
638
641
640
638
644
643
642
645
644
642
648
647
646
649
648
646
652
651
650
653
652
650
654
653
650
657
656
655
659
661
658
661
660
658
662
663
664
662
664
665
666
667
668
666
668
669
666
669
670
671
672
673
671
673
674
671
674
675
671
675
676
677
678
679
680
681
682
680
682
683
680
683
684
686
688
685
688
687
685
691
690
689
692
691
689
693
692
689
696
695
694
697
696
694
698
697
694
701
700
699
702
701
699
703
702
699
706
705
704
707
706
704
710
709
708
711
710
708
714
713
712
715
714
712
716
715
712
717
716
712
718
717
712
719
718
712
720
719
712
723
722
721
724
723
721
727
726
725
728
727
725
731
730
729
732
731
729
735
734
733
736
735
733
737
736
733
738
737
733
741
740
739
742
741
739
745
744
743
746
745
743
749
748
747
750
749
747
751
750
747
752
751
747
755
754
753
756
755
753
759
758
757
760
759
757
761
760
757
762
761
757
763
762
757
766
765
764
767
766
764
768
767
764
771
770
769
772
771
769
773
772
769
776
775
774
777
776
774
778
777
774
781
780
779
784
783
782
785
784
782
786
785
782
787
786
782
788
787
782
791
790
789
792
791
789
795
794
793
796
795
793
799
798
797
800
799
797
803
802
801
804
803
801
807
806
805
808
807
805
811
810
809
812
811
809
815
814
813
816
815
813
819
818
817
820
819
817
821
820
817
824
823
822
825
824
822
826
825
822
829
828
827
830
829
827
831
830
827
834
833
832
835
834
832
838
837
836
839
838
836
840
839
836
841
840
836
844
843
842
845
844
842
848
847
846
849
848
846
852
851
850
853
852
850
854
853
850
857
856
855
858
857
855
859
858
855
862
861
860
863
862
860
866
865
864
867
866
864
870
869
868
871
870
868
874
873
872
875
874
872
878
877
876
879
878
876
882
881
880
883
882
880
886
885
884
887
886
884
890
889
888
891
890
888
892
891
888
895
894
893
896
895
893
899
898
897
900
899
897
903
902
901
904
903
901
907
906
905
908
907
905
911
910
909
912
911
909
915
914
913
916
915
913
919
918
917
920
919
917
921
920
917
922
921
917
925
924
923
926
925
923
929
928
927
930
929
927
931
930
927
934
933
932
935
934
932
938
937
936
939
938
936
942
941
940
943
942
940
946
945
944
947
946
944
950
949
948
951
950
948
954
953
952
955
954
952
956
955
952
959
958
957
960
959
957
963
962
961
964
963
961
967
966
965
968
967
965
971
970
969
972
971
969
975
974
973
976
975
973
979
978
977
980
979
977
983
982
981
984
983
981
985
984
981
988
987
986
989
988
986
992
991
990
993
992
990
996
995
994
997
996
994
1000
999
998
1001
1000
998
1004
1003
1002
1005
1004
1002
1006
1005
1002
1009
1008
1007
1010
1009
1007
1013
1012
1011
1014
1013
1011
1017
1016
1015
1018
1017
1015
1021
1020
1019
1022
1021
1019
1023
1022
1019
1024
1023
1019
1025
1024
1019
1026
1025
1019
1027
1026
1019
1030
1029
1028
1031
1030
1028
1032
1031
1028
1033
1032
1028
1036
1035
1034
1037
1036
1034
1040
1039
1038
1041
1040
1038
1042
1041
1038
1043
1042
1038
1046
1045
1044
1049
1048
1047
1050
1049
1047
1053
1052
1051
1054
1053
1051
1055
1054
1051
1058
1057
1056
1059
1058
1056
1060
1059
1056
1061
1060
1056
1062
1061
1056
1063
1062
1056
1066
1065
1064
1067
1066
1064
1068
1067
1064
1071
1070
1069
1072
1071
1069
1073
1072
1069
1076
1075
1074
1077
1076
1074
1080
1079
1078
1081
1080
1078
1082
1081
1078
1085
1084
1083
1086
1085
1083
1087
1086
1083
1090
1089
1088
1091
1090
1088
1094
1093
1092
1095
1094
1092
1096
1095
1092
1099
1098
1097
1100
1099
1097
1101
1100
1097
1104
1103
1102
1105
1104
1102
1108
1107
1106
1109
1108
1106
1111
1113
1110
1113
1112
1110
1116
1115
1114
1117
1116
1114
1119
1121
1118
1121
1120
1118
1122
1123
1124
1122
1124
1125
1126
1127
1128
1126
1128
1129
1131
1133
1130
1133
1132
1130
1136
1135
1134
1137
1136
1134
1138
1137
1134
1141
1140
1139
1142
1141
1139
1143
1142
1139
1146
1145
1144
1147
1146
1144
1148
1147
1144
1149
1148
1144
1152
1151
1150
1155
1154
1153
1156
1155
1153
1157
1156
1153
1158
1157
1153
1159
1158
1153
1162
1161
1160
1163
1162
1160
1166
1165
1164
1167
1166
1164
1168
1167
1164
1171
1170
1169
1172
1171
1169
1173
1172
1169
1176
1175
1174
1177
1176
1174
1180
1179
1178
1181
1180
1178
1184
1183
1182
1186
1188
1185
1188
1187
1185
1189
1190
1191
1189
1191
1192
1189
1192
1193
1194
1195
1196
1194
1196
1197
1198
1199
1200
1198
1200
1201
1203
1205
1202
1205
1204
1202
1206
1207
1208
1206
1208
1209
1211
1213
1210
1213
1212
1210
1216
1215
1214
1217
1216
1214
1218
1217
1214
1219
1218
1214
1220
1219
1214
1221
1220
1214
1224
1223
1222
1225
1224
1222
1226
1225
1222
1229
1228
1227
1230
1229
1227
1233
1232
1231
1234
1233
1231
1235
1234
1231
1238
1237
1236
1239
1238
1236
1240
1239
1236
1243
1242
1241
1244
1243
1241
1247
1246
1245
1248
1247
1245
1251
1250
1249
1252
1251
1249
1254
1256
1253
1256
1255
1253
1259
1258
1257
1260
1259
1257
1263
1262
1261
1264
1263
1261
1267
1266
1265
1268
1267
1265
1269
1268
1265
1270
1269
1265
1271
1270
1265
1274
1273
1272
1275
1274
1272
1278
1277
1276
1279
1278
1276
1280
1279
1276
1283
1282
1281
1284
1283
1281
1285
1284
1281
1288
1287
1286
1289
1288
1286
1292
1291
1290
1293
1292
1290
1296
1295
1294
1297
1296
1294
1300
1299
1298
1301
1300
1298
1302
1301
1298
1304
1306
1303
1306
1305
1303
1309
1308
1307
1310
1309
1307
1311
1310
1307
1314
1313
1312
1315
1314
1312
1318
1317
1316
1319
1318
1316
1320
1319
1316
1323
1322
1321
1324
1323
1321
1325
1324
1321
1326
1325
1321
1327
1326
1321
1330
1329
1328
1331
1330
1328
1332
1331
1328
1335
1334
1333
1336
1335
1333
1339
1338
1337
1340
1339
1337
1341
1340
1337
1342
1341
1337
1343
1342
1337
1346
1345
1344
1347
1346
1344
1348
1347
1344
1349
1348
1344
1352
1351
1350
1353
1352
1350
1356
1355
1354
1357
1356
1354
1360
1359
1358
1361
1360
1358
1362
1361
1358
1365
1364
1363
1368
1367
1366
1369
1368
1366
1370
1369
1366
1371
1370
1366
1374
1373
1372
1377
1376
1375
1378
1377
1375
1379
1378
1375
1382
1381
1380
1383
1382
1380
1384
1383
1380
1387
1386
1385
1388
1387
1385
1391
1390
1389
1392
1391
1389
1393
1392
1389
1396
1395
1394
1397
1396
1394
1400
1399
1398
1401
1400
1398
1402
1401
1398
1405
1404
1403
1406
1405
1403
1409
1408
1407
1410
1409
1407
1411
1410
1407
1412
1411
1407
1413
1412
1407
1416
1415
1414
1417
1416
1414
1418
1417
1414
1421
1420
1419
1422
1421
1419
1423
1422
1419
1426
1425
1424
1427
1426
1424
1428
1427
1424
1431
1430
1429
1432
1431
1429
1435
1434
1433
1436
1435
1433
1439
1438
1437
1440
1439
1437
1441
1440
1437
1442
1441
1437
1445
1444
1443
1446
1445
1443
1447
1446
1443
1450
1449
1448
1451
1450
1448
1454
1453
1452
1455
1454
1452
1456
1455
1452
1459
1458
1457
1462
1461
1460
1463
1462
1460
1466
1465
1464
1467
1466
1464
1468
1467
1464
1471
1470
1469
1472
1471
1469
1473
1472
1469
1476
1475
1474
1477
1476
1474
1480
1479
1478
1481
1480
1478
1484
1483
1482
1485
1484
1482
1486
1485
1482
1487
1486
1482
1488
1487
1482
1491
1490
1489
1492
1491
1489
1495
1494
1493
1496
1495
1493
1499
1498
1497
1500
1499
1497
1503
1502
1501
1504
1503
1501
1506
1508
1505
1508
1507
1505
1511
1510
1509
1512
1511
1509
1515
1514
1513
1516
1515
1513
1517
1516
1513
1520
1519
1518
1521
1520
1518
1524
1523
1522
1525
1524
1522
1528
1527
1526
1529
1528
1526
1530
1529
1526
1533
1532
1531
1534
1533
1531
1535
1534
1531
1538
1537
1536
1539
1538
1536
1542
1541
1540
1543
1542
1540
1546
1545
1544
1547
1546
1544
1550
1549
1548
1551
1550
1548
1554
1553
1552
1555
1554
1552
1556
1555
1552
1558
1560
1557
1560
1559
1557
1563
1562
1561
1564
1563
1561
1567
1566
1565
1568
1567
1565
1571
1570
1569
1572
1571
1569
1575
1574
1573
1576
1575
1573
1577
1576
1573
1580
1579
1578
1581
1580
1578
1582
1581
1578
1583
1582
1578
1586
1585
1584
1587
1586
1584
1590
1589
1588
1591
1590
1588
1594
1593
1592
1595
1594
1592
1598
1597
1596
1599
1598
1596
1601
1603
1600
1603
1602
1600
1606
1605
1604
1607
1606
1604
1610
1609
1608
1611
1610
1608
1612
1611
1608
1613
1612
1608
1614
1613
1608
1617
1616
1615
1618
1617
1615
1621
1620
1619
1622
1621
1619
1625
1624
1623
1626
1625
1623
1627
1626
1623
1630
1629
1628
1631
1630
1628
1634
1633
1632
1635
1634
1632
1636
1635
1632
1637
1636
1632
1638
1637
1632
1639
1638
1632
1640
1639
1632
1643
1642
1641
1644
1643
1641
1645
1644
1641
1648
1647
1646
1649
1648
1646
1652
1651
1650
1653
1652
1650
1656
1655
1654
1657
1656
1654
1658
1657
1654
1661
1660
1659
1662
1661
1659
1665
1664
1663
1666
1665
1663
1667
1666
1663
1670
1669
1668
1671
1670
1668
1674
1673
1672
1675
1674
1672
1678
1677
1676
1679
1678
1676
1682
1681
1680
1683
1682
1680
1684
1683
1680
1687
1686
1685
1688
1687
1685
1691
1690
1689
1692
1691
1689
1695
1694
1693
1696
1695
1693
1699
1698
1697
1700
1699
1697
1701
1700
1697
1704
1703
1702
1705
1704
1702
1708
1707
1706
1709
1708
1706
1712
1711
1710
1713
1712
1710
1716
1715
1714
1717
1716
1714
1720
1719
1718
1721
1720
1718
1724
1723
1722
1725
1724
1722
1726
1725
1722
1729
1728
1727
1730
1729
1727
1733
1732
1731
1734
1733
1731
1735
1734
1731
1736
1735
1731
1737
1736
1731
1740
1739
1738
1741
1740
1738
1744
1743
1742
1745
1744
1742
1746
1745
1742
1747
1746
1742
1750
1749
1748
1751
1750
1748
1754
1753
1752
1755
1754
1752
1756
1755
1752
1757
1756
1752
1758
1757
1752
1759
1758
1752
1760
1759
1752
1761
1760
1752
1762
1761
1752
1765
1764
1763
1766
1765
1763
1769
1768
1767
1770
1769
1767
1773
1772
1771
1774
1773
1771
1777
1776
1775
1778
1777
1775
1781
1780
1779
1782
1781
1779
1785
1784
1783
1786
1785
1783
1789
1788
1787
1790
1789
1787
1793
1792
1791
1794
1793
1791
1797
1796
1795
1798
1797
1795
1801
1800
1799
1802
1801
1799
1805
1804
1803
1806
1805
1803
1809
1808
1807
1810
1809
1807
1813
1812
1811
1814
1813
1811
1817
1816
1815
1818
1817
1815
1819
1818
1815
1822
1821
1820
1823
1822
1820
1826
1825
1824
1827
1826
1824
1828
1827
1824
1831
1830
1829
1832
1831
1829
1833
1832
1829
1836
1835
1834
1837
1836
1834
1838
1837
1834
1841
1840
1839
1842
1841
1839
1845
1844
1843
1846
1845
1843
1849
1848
1847
1850
1849
1847
1851
1850
1847
1852
1851
1847
1853
1852
1847
1856
1855
1854
1857
1856
1854
1860
1859
1858
1861
1860
1858
1862
1861
1858
1865
1864
1863
1866
1865
1863
1867
1866
1863
1870
1869
1868
1871
1870
1868
1872
1871
1868
1873
1872
1868
1876
1875
1874
1877
1876
1874
1878
1877
1874
1879
1878
1874
1881
1883
1880
1883
1882
1880
1886
1885
1884
1887
1886
1884
1888
1887
1884
1890
1892
1889
1892
1891
1889
1895
1894
1893
1896
1895
1893
1897
1896
1893
1898
1897
1893
1901
1900
1899
1902
1901
1899
1905
1904
1903
1906
1905
1903
1909
1908
1907
1910
1909
1907
1913
1912
1911
1914
1913
1911
1917
1916
1915
1918
1917
1915
1919
1918
1915
1920
1919
1915
1923
1922
1921
1924
1923
1921
1927
1926
1925
1928
1927
1925
1931
1930
1929
1932
1931
1929
1935
1934
1933
1936
1935
1933
1937
1936
1933
1940
1939
1938
1941
1940
1938
1944
1943
1942
1945
1944
1942
1948
1947
1946
1949
1948
1946
1952
1951
1950
1953
1952
1950
1956
1955
1954
1957
1956
1954
1958
1957
1954
1961
1960
1959
1962
1961
1959
1965
1964
1963
1966
1965
1963
1967
1966
1963
1970
1969
1968
1971
1970
1968
1974
1973
1972
1975
1974
1972
1976
1975
1972
1979
1978
1977
1980
1979
1977
1983
1982
1981
1984
1983
1981
1987
1986
1985
1988
1987
1985
1991
1990
1989
1992
1991
1989
1995
1994
1993
1996
1995
1993
1999
1998
1997
2000
1999
1997
2003
2002
2001
2004
2003
2001
2005
2004
2001
2008
2007
2006
2009
2008
2006
2012
2011
2010
2013
2012
2010
2016
2015
2014
2017
2016
2014
2018
2017
2014
2021
2020
2019
2022
2021
2019
2025
2024
2023
2026
2025
2023
2027
2026
2023
2030
2029
2028
2031
2030
2028
2032
2031
2028
2035
2034
2033
2036
2035
2033
2037
2036
2033
2040
2039
2038
2041
2040
2038
2044
2043
2042
2045
2044
2042
2048
2047
2046
2049
2048
2046
2052
2051
2050
2053
2052
2050
2056
2055
2054
2057
2056
2054
2060
2059
2058
2061
2060
2058
2064
2063
2062
2065
2064
2062
2068
2067
2066
2069
2068
2066
2070
2069
2066
2073
2072
2071
2074
2073
2071
2077
2076
2075
2078
2077
2075
2081
2080
2079
2082
2081
2079
2085
2084
2083
2086
2085
2083
2089
2088
2087
2090
2089
2087
2091
2090
2087
2094
2093
2092
2095
2094
2092
2098
2097
2096
2099
2098
2096
2102
2101
2100
2103
2102
2100
2106
2105
2104
2107
2106
2104
2110
2109
2108
2111
2110
2108
2112
2111
2108
2115
2114
2113
2116
2115
2113
2119
2118
2117
2120
2119
2117
2121
2120
2117
2124
2123
2122
2125
2124
2122
2128
2127
2126
2129
2128
2126
2132
2131
2130
2133
2132
2130
2136
2135
2134
2137
2136
2134
2138
2137
2134
2139
2138
2134
2142
2141
2140
2143
2142
2140
2146
2145
2144
2147
2146
2144
2148
2147
2144
2149
2148
2144
2152
2151
2150
2153
2152
2150
2156
2155
2154
2157
2156
2154
2160
2159
2158
2161
2160
2158
2164
2163
2162
2165
2164
2162
2168
2167
2166
2169
2168
2166
2172
2171
2170
2173
2172
2170
2176
2175
2174
2177
2176
2174
2180
2179
2178
2181
2180
2178
2184
2183
2182
2185
2184
2182
2188
2187
2186
2189
2188
2186
2192
2191
2190
2193
2192
2190
2196
2195
2194
2197
2196
2194
2198
2197
2194
2201
2200
2199
2202
2201
2199
2203
2202
2199
2206
2205
2204
2207
2206
2204
2210
2209
2208
2211
2210
2208
2214
2213
2212
2215
2214
2212
2216
2215
2212
2219
2218
2217
2220
2219
2217
2221
2220
2217
2224
2223
2222
2225
2224
2222
2226
2225
2222
2229
2228
2227
2230
2229
2227
2231
2230
2227
2232
2231
2227
2235
2234
2233
2236
2235
2233
2239
2238
2237
2240
2239
2237
2243
2242
2241
2244
2243
2241
2247
2246
2245
2248
2247
2245
2251
2250
2249
2252
2251
2249
2253
2252
2249
2254
2253
2249
2257
2256
2255
2260
2259
2258
2261
2260
2258
2262
2261
2258
2263
2262
2258
2264
2263
2258
2267
2266
2265
2268
2267
2265
2271
2270
2269
2272
2271
2269
2275
2274
2273
2276
2275
2273
2279
2278
2277
2280
2279
2277
2283
2282
2281
2284
2283
2281
2287
2286
2285
2288
2287
2285
2291
2290
2289
2292
2291
2289
2295
2294
2293
2296
2295
2293
2297
2296
2293
2298
2297
2293
2301
2300
2299
2302
2301
2299
2305
2304
2303
2306
2305
2303
2308
2310
2307
2310
2309
2307
2313
2312
2311
2314
2313
2311
2317
2316
2315
2318
2317
2315
2321
2320
2319
2322
2321
2319
2325
2324
2323
2326
2325
2323
2329
2328
2327
2330
2329
2327
2331
2330
2327
2332
2331
2327
2335
2334
2333
2336
2335
2333
2337
2336
2333
2338
2337
2333
2339
2338
2333
2342
2341
2340
2343
2342
2340
2344
2343
2340
2347
2346
2345
2350
2349
2348
2351
2350
2348
2352
2351
2348
2353
2352
2348
2354
2353
2348
2357
2356
2355
2358
2357
2355
2359
2358
2355
2360
2359
2355
2363
2362
2361
2364
2363
2361
2365
2364
2361
2368
2367
2366
2369
2368
2366
2372
2371
2370
2373
2372
2370
2374
2373
2370
2375
2374
2370
2376
2375
2370
2379
2378
2377
2380
2379
2377
2383
2382
2381
2384
2383
2381
2385
2384
2381
2388
2387
2386
2389
2388
2386
2390
2389
2386
2391
2390
2386
2394
2393
2392
2395
2394
2392
2396
2395
2392
2397
2396
2392
2398
2397
2392
2399
2398
2392
2400
2399
2392
2403
2402
2401
2404
2403
2401
2405
2404
2401
2406
2405
2401
2407
2406
2401
2408
2407
2401
2409
2408
2401
2410
2409
2401
2413
2412
2411
2416
2415
2414
2417
2416
2414
2418
2417
2414
2421
2420
2419
2422
2421
2419
2423
2422
2419
2424
2423
2419
2427
2426
2425
2428
2427
2425
2431
2430
2429
2432
2431
2429
2435
2434
2433
2436
2435
2433
2439
2438
2437
2440
2439
2437
2443
2442
2441
2444
2443
2441
2447
2446
2445
2448
2447
2445
2449
2448
2445
2452
2451
2450
2453
2452
2450
2456
2455
2454
2457
2456
2454
2460
2459
2458
2461
2460
2458
2462
2461
2458
2465
2464
2463
2466
2465
2463
2469
2468
2467
2470
2469
2467
2473
2472
2471
2474
2473
2471
2477
2476
2475
2478
2477
2475
2481
2480
2479
2482
2481
2479
2485
2484
2483
2486
2485
2483
2489
2488
2487
2490
2489
2487
2491
2490
2487
2494
2493
2492
2495
2494
2492
2496
2495
2492
2499
2498
2497
2500
2499
2497
2503
2502
2501
2504
2503
2501
2507
2506
2505
2508
2507
2505
2511
2510
2509
2512
2511
2509
2513
2512
2509
2516
2515
2514
2517
2516
2514
2520
2519
2518
2521
2520
2518
2524
2523
2522
2525
2524
2522
2526
2525
2522
2527
2526
2522
2530
2529
2528
2531
2530
2528
2534
2533
2532
2535
2534
2532
2536
2535
2532
2537
2536
2532
2540
2539
2538
2541
2540
2538
2542
2541
2538
2545
2544
2543
2546
2545
2543
2549
2548
2547
2550
2549
2547
2553
2552
2551
2556
2555
2554
2559
2558
2557
2560
2559
2557
2561
2560
2557
2564
2563
2562
2565
2564
2562
2568
2567
2566
2569
2568
2566
2572
2571
2570
2573
2572
2570
2574
2573
2570
2577
2576
2575
2578
2577
2575
2580
2582
2579
2582
2581
2579
2585
2584
2583
2586
2585
2583
2589
2588
2587
2590
2589
2587
2591
2590
2587
2594
2593
2592
2595
2594
2592
2598
2597
2596
2599
2598
2596
2600
2599
2596
2601
2600
2596
2602
2601
2596
2605
2604
2603
2606
2605
2603
2609
2608
2607
2610
2609
2607
2613
2612
2611
2614
2613
2611
2615
2614
2611
2616
2615
2611
2619
2618
2617
2620
2619
2617
2621
2620
2617
2624
2623
2622
2625
2624
2622
2626
2625
2622
2627
2626
2622
2628
2627
2622
2631
2630
2629
2634
2633
2632
2635
2634
2632
2636
2635
2632
2637
2636
2632
2640
2639
2638
2641
2640
2638
2644
2643
2642
2645
2644
2642
2646
2645
2642
2647
2646
2642
2650
2649
2648
2653
2652
2651
2654
2653
2651
2657
2656
2655
2658
2657
2655
2661
2660
2659
2662
2661
2659
2663
2662
2659
2664
2663
2659
2667
2666
2665
2668
2667
2665
2671
2670
2669
2672
2671
2669
2675
2674
2673
2676
2675
2673
2679
2678
2677
2680
2679
2677
2683
2682
2681
2684
2683
2681
2685
2684
2681
2688
2687
2686
2689
2688
2686
2690
2689
2686
2691
2690
2686
2694
2693
2692
2695
2694
2692
2698
2697
2696
2699
2698
2696
2700
2699
2696
2702
2704
2701
2704
2703
2701
2707
2706
2705
2708
2707
2705
2709
2708
2705
2710
2709
2705
2713
2712
2711
2714
2713
2711
2717
2716
2715
2718
2717
2715
2721
2720
2719
2722
2721
2719
2725
2724
2723
2726
2725
2723
2727
2726
2723
2730
2729
2728
2731
2730
2728
2734
2733
2732
2735
2734
2732
2738
2737
2736
2739
2738
2736
2742
2741
2740
2743
2742
2740
2746
2745
2744
2747
2746
2744
2750
2749
2748
2751
2750
2748
2754
2753
2752
2755
2754
2752
2757
2759
2756
2759
2758
2756
2762
2761
2760
2763
2762
2760
2766
2765
2764
2767
2766
2764
2770
2769
2768
2771
2770
2768
2774
2773
2772
2775
2774
2772
2776
2775
2772
2779
2778
2777
2780
2779
2777
2781
2780
2777
2784
2783
2782
2785
2784
2782
2786
2785
2782
2789
2788
2787
2790
2789
2787
2793
2792
2791
2794
2793
2791
2795
2794
2791
2798
2797
2796
2799
2798
2796
2800
2799
2796
2803
2802
2801
2804
2803
2801
2805
2804
2801
2808
2807
2806
2809
2808
2806
2810
2809
2806
2813
2812
2811
2814
2813
2811
2815
2814
2811
2816
2815
2811
2817
2816
2811
2820
2819
2818
2821
2820
2818
2822
2821
2818
2825
2824
2823
2826
2825
2823
2829
2828
2827
2830
2829
2827
2833
2832
2831
2834
2833
2831
2835
2834
2831
2838
2837
2836
2839
2838
2836
2840
2839
2836
2843
2842
2841
2844
2843
2841
2847
2846
2845
2848
2847
2845
2851
2850
2849
2852
2851
2849
2855
2854
2853
2856
2855
2853
2859
2858
2857
2860
2859
2857
2863
2862
2861
2864
2863
2861
2865
2864
2861
2868
2867
2866
2869
2868
2866
2872
2871
2870
2875
2874
2873
2876
2875
2873
2877
2876
2873
2879
2881
2878
2881
2880
2878
2884
2883
2882
2885
2884
2882
2886
2885
2882
2889
2888
2887
2890
2889
2887
2891
2890
2887
2894
2893
2892
2895
2894
2892
2896
2895
2892
2897
2896
2892
2898
2897
2892
2901
2900
2899
2904
2903
2902
2905
2904
2902
2906
2905
2902
2909
2908
2907
2910
2909
2907
2913
2912
2911
2914
2913
2911
2917
2916
2915
2918
2917
2915
2920
2922
2919
2922
2921
2919
2925
2924
2923
2926
2925
2923
2927
2926
2923
2930
2929
2928
2931
2930
2928
2934
2933
2932
2935
2934
2932
2936
2935
2932
2937
2936
2932
2940
2939
2938
2941
2940
2938
2942
2941
2938
2943
2942
2938
2944
2943
2938
2947
2946
2945
2948
2947
2945
2951
2950
2949
2952
2951
2949
2955
2954
2953
2956
2955
2953
2957
2956
2953
2958
2957
2953
2959
2958
2953
2960
2959
2953
2963
2962
2961
2964
2963
2961
2967
2966
2965
2968
2967
2965
2969
2968
2965
2972
2971
2970
2973
2972
2970
2974
2973
2970
2977
2976
2975
2978
2977
2975
2981
2980
2979
2982
2981
2979
2983
2982
2979
2984
2983
2979
2987
2986
2985
2988
2987
2985
2991
2990
2989
2992
2991
2989
2995
2994
2993
2996
2995
2993
2997
2996
2993
2998
2997
2993
3001
3000
2999
3002
3001
2999
3003
3002
2999
3004
3003
2999
3005
3004
2999
3008
3007
3006
3009
3008
3006
3012
3011
3010
3013
3012
3010
3014
3013
3010
3015
3014
3010
3018
3017
3016
3021
3020
3019
3022
3021
3019
3023
3022
3019
3026
3025
3024
3027
3026
3024
3028
3027
3024
3030
3032
3029
3032
3031
3029
3035
3034
3033
3036
3035
3033
3039
3038
3037
3040
3039
3037
3041
3040
3037
3044
3043
3042
3045
3044
3042
3046
3045
3042
3047
3046
3042
3048
3047
3042
3051
3050
3049
3054
3053
3052
3055
3054
3052
3058
3057
3056
3059
3058
3056
3060
3059
3056
3061
3060
3056
3064
3063
3062
3065
3064
3062
3066
3065
3062
3067
3066
3062
3070
3069
3068
3071
3070
3068
3074
3073
3072
3075
3074
3072
3076
3075
3072
3077
3076
3072
3080
3079
3078
3081
3080
3078
3082
3081
3078
3085
3084
3083
3086
3085
3083
3087
3086
3083
3090
3089
3088
3091
3090
3088
3092
3091
3088
3093
3092
3088
3094
3093
3088
3095
3094
3088
3096
3095
3088
3099
3098
3097
3100
3099
3097
3103
3102
3101
3104
3103
3101
3105
3104
3101
3108
3107
3106
3109
3108
3106
3110
3109
3106
3111
3110
3106
3114
3113
3112
3117
3116
3115
3118
3117
3115
3119
3118
3115
3122
3121
3120
3123
3122
3120
3126
3125
3124
3127
3126
3124
3130
3129
3128
3131
3130
3128
3132
3131
3128
3133
3132
3128
3136
3135
3134
3137
3136
3134
3140
3139
3138
3141
3140
3138
3142
3141
3138
3143
3142
3138
3146
3145
3144
3147
3146
3144
3149
3151
3148
3151
3150
3148
3154
3153
3152
3155
3154
3152
3158
3157
3156
3159
3158
3156
3162
3161
3160
3163
3162
3160
3166
3165
3164
3167
3166
3164
3170
3169
3168
3171
3170
3168
3172
3171
3168
3175
3174
3173
3176
3175
3173
3177
3176
3173
3178
3177
3173
3181
3180
3179
3184
3183
3182
3185
3184
3182
3186
3185
3182
3187
3186
3182
3188
3187
3182
3191
3190
3189
3192
3191
3189
3194
3196
3193
3196
3195
3193
3199
3198
3197
3200
3199
3197
3203
3202
3201
3204
3203
3201
3207
3206
3205
3208
3207
3205
3211
3210
3209
3212
3211
3209
3215
3214
3213
3216
3215
3213
3217
3216
3213
3220
3219
3218
3221
3220
3218
3224
3223
3222
3225
3224
3222
3227
3229
3226
3229
3228
3226
3232
3231
3230
3233
3232
3230
3236
3235
3234
3237
3236
3234
3240
3239
3238
3241
3240
3238
3242
3241
3238
3243
3242
3238
3246
3245
3244
3247
3246
3244
3248
3247
3244
3251
3250
3249
3252
3251
3249
3253
3252
3249
3254
3253
3249
3257
3256
3255
3258
3257
3255
3259
3258
3255
3260
3259
3255
3261
3260
3255
3262
3261
3255
3265
3264
3263
3266
3265
3263
3267
3266
3263
3268
3267
3263
3269
3268
3263
3270
3269
3263
3273
3272
3271
3276
3275
3274
3277
3276
3274
3278
3277
3274
3279
3278
3274
3282
3281
3280
3283
3282
3280
3286
3285
3284
3287
3286
3284
3288
3287
3284
3289
3288
3284
3290
3289
3284
3291
3290
3284
3294
3293
3292
3295
3294
3292
3296
3295
3292
3299
3298
3297
3300
3299
3297
3303
3302
3301
3304
3303
3301
3305
3304
3301
3308
3307
3306
3309
3308
3306
3310
3309
3306
3311
3310
3306
3312
3311
3306
3315
3314
3313
3316
3315
3313
3317
3316
3313
3320
3319
3318
3323
3322
3321
3324
3323
3321
3325
3324
3321
3326
3325
3321
3327
3326
3321
3329
3331
3328
3331
3330
3328
3334
3333
3332
3335
3334
3332
3337
3339
3336
3339
3338
3336
3342
3341
3340
3343
3342
3340
3345
3347
3344
3347
3346
3344
3350
3349
3348
3351
3350
3348
3353
3355
3352
3355
3354
3352
3358
3357
3356
3359
3358
3356
3362
3361
3360
3363
3362
3360
3365
3367
3364
3367
3366
3364
3370
3369
3368
3371
3370
3368
3372
3371
3368
3373
3372
3368
3376
3375
3374
3379
3378
3377
3380
3379
3377
3381
3380
3377
3383
3385
3382
3385
3384
3382
3388
3387
3386
3389
3388
3386
3390
3389
3386
3393
3392
3391
3394
3393
3391
3395
3394
3391
3398
3397
3396
3399
3398
3396
3400
3399
3396
3401
3400
3396
3403
3405
3402
3405
3404
3402
3408
3407
3406
3409
3408
3406
