4
9
4
31
4
26
4
14
4
17
4
41
4
4
4
5
4
10
4
4
4
4
4
4
4
4
4
8
4
5
4
8
4
21
4
16
4
5
4
16
4
4
4
5
4
45
4
5
4
5
4
11
4
25
4
4
4
43
4
92
4
15
4
8
4
6
4
8
4
8
4
19
4
10
4
4
4
89
4
45
4
9
4
118
4
4
4
27
4
4
4
32
4
46
4
9
4
25
4
5
4
36
4
27
4
4
4
8
4
12
4
6
4
35
4
4
4
4
4
34
4
4
4
52
4
3
4
29
4
12
4
5
4
169
4
4
4
10
4
8
4
15
4
4
4
14
4
8
4
5
4
8
4
108
4
19
4
9
4
16
4
16
4
11
4
4
4
12
4
4
4
5
4
14
4
10
4
12
4
247
4
9
4
8
4
132
4
6
4
37
4
4
4
30
4
15
4
4
4
69
4
13
4
9
4
4
4
23
4
4
4
421
4
9
4
4
4
17
4
5
4
4
4
8
4
51
4
16
4
4
4
5
4
13
4
4
4
8
4
4
4
22
4
39
4
46
4
8
4
21
4
9
4
198
4
4
4
8
4
48
4
9
4
18
4
19
4
4
4
6
4
39
4
5
4
44
4
64
4
29
4
12
4
21
4
8
4
276
4
82
4
9
4
24
4
8
4
7
4
17
4
5
4
6
4
5
4
4
4
294
4
11
4
10
4
8
4
23
4
4
4
8
4
56
4
22
4
5
4
18
4
527
4
11
4
12
4
3
4
13
4
414
4
4
4
3
4
488
4
13
4
306
4
268
4
118
4
106
4
51
4
118
4
19
4
37
4
3
4
3
4
9
4
106
4
25
4
7
4
17
4
12
4
18
4
115
4
20
4
41
4
21
4
5
4
24
4
31
4
29
4
12
4
3
4
98
4
8
4
8
4
4
4
4
4
19
4
6
4
79
4
5
4
4
4
5
4
4
4
4
4
4
4
5
4
4
4
18
4
6
4
4
4
18
4
24
4
8
4
8
4
8
4
35
4
4
4
12
4
4
4
3
4
8
4
3
4
8
4
14
4
8
4
3
4
5
4
4
4
8
4
15
4
8
4
8
4
4
4
8
4
6
4
4
4
4
4
4
4
16
4
4
4
4
4
12
4
9
4
8
4
16
4
10
4
4
4
14
4
88
4
8
4
4
4
30
4
4
4
4
4
10
4
10
4
8
4
4
4
19
4
16
4
9
4
4
4
9
4
4
4
10
4
44
4
4
4
4
4
4
4
4
4
4
4
4
4
4
4
4
4
4
4
4
4
4
4
8
4
4
4
4
4
5
4
4
4
4
4
8
4
4
4
4
4
4
4
4
4
4
4
129
4
197
4
108
4
72
4
59
4
76
4
34
4
37
4
45
4
30
4
18
4
18
4
14
4
17
4
10
4
17
4
11
